Square	Time	Country	SMSin	SMSout	Callin	Callout	Internet	Month	Day	Hour	WDay	Charge
1	1383519600000	0	0.10803881889584513	0.0	0.0	0.0	0.0	11	3	23	6	0
1	1383519600000	39	0.0261374242642866	0.030875085088185057	0.0261374242642866	0.055225199246972216	9.260190138848722	11	3	23	6	0
1	1383520200000	39	0.1870753611813048	0.10687577828294556	0.02730046487718618	0.0	9.215273068033444	11	3	23	6	1
1	1383520800000	39	0.02792473436978604	0.02792473436978604	0.0017873101054994376	0.05460092975437236	8.669007275372817	11	3	23	6	0
1	1383521400000	39	0.1905644830200036	0.10687577828294556	0.0	0.0261374242642866	7.81109865621646	11	3	23	6	1
1	1383522000000	39	0.21965225800268914	0.2398889808301777	0.0	0.05343788914147278	7.610200263878267	11	3	23	6	1
1	1383522600000	39	0.37522826460320907	0.2944899105845501	0.0	0.0261374242642866	7.776195678169277	11	3	23	6	1
1	1383523200000	39	0.2701397964257629	0.2683524863202635	0.0	0.0	7.0352520111573495	11	4	0	0	1
1	1383523800000	39	0.4356443974220793	0.4606187810734663	0.0	0.0	8.457138944563638	11	4	0	0	1
1	1383524400000	39	0.4048548107061944	0.21840371901748945	0.0017873101054994376	0.02730046487718618	8.812706798006351	11	4	0	0	1
1	1383525000000	39	0.32295341607463585	0.2428393315485768	0.0	0.0	8.687492886260216	11	4	0	0	1
1	1383525000000	46	0.0	0.0	0.0	0.0	0.0261374242642866	11	4	0	0	0
1	1383525600000	39	0.21204974483269184	0.21670190728429012	0.0	0.0	6.376637230638482	11	4	0	0	1
1	1383526200000	39	0.2706785675460627	0.3490908403389225	0.0	0.0	6.754778305413397	11	4	0	0	1
1	1383526800000	39	0.21491459717879072	0.2433781026688765	0.0	0.0	6.110829780114224	11	4	1	0	1
1	1383527400000	39	0.10687577828294556	0.0825256641241584	0.0	0.0	5.887773898645136	11	4	1	0	0
1	1383528000000	0	0.003574620210998875	0.0	0.0	0.0	0.0	11	4	1	0	0
1	1383528000000	39	0.10687577828294556	0.1887771729145041	0.0	0.0	6.107745973197919	11	4	1	0	0
1	1383528600000	39	0.05343788914147278	0.05343788914147278	0.0	0.0017873101054994376	5.992263878216481	11	4	1	0	0
1	1383528600000	46	0.0	0.0	0.0	0.0	0.0261374242642866	11	4	1	0	0
1	1383529200000	39	0.0	0.0	0.0	0.0	5.4174233008069725	11	4	1	0	0
1	1383529800000	0	0.02730046487718618	0.0	0.0	0.0	0.0	11	4	1	0	0
1	1383529800000	39	0.05460092975437236	0.05460092975437236	0.0	0.0	5.511249137231122	11	4	1	0	0
1	1383530400000	39	0.0	0.0	0.0	0.0	5.336269214587009	11	4	2	0	0
1	1383531000000	39	0.0	0.0	0.0	0.0	5.005542288597775	11	4	2	0	0
1	1383531600000	39	0.02730046487718618	0.0	0.0	0.0	5.372874004367392	11	4	2	0	0
1	1383532200000	39	0.0	0.0	0.0	0.0	4.749482018445802	11	4	2	0	0
1	1383532800000	39	0.0	0.0	0.0	0.0017873101054994376	4.989247960356986	11	4	2	0	0
1	1383533400000	39	0.13533928377303134	0.05460092975437236	0.0	0.0	5.460628142610141	11	4	2	0	0
1	1383534000000	39	0.052274848528573205	0.0	0.0	0.05460092975437236	5.506207023464718	11	4	3	0	0
1	1383534600000	39	0.0	0.0	0.0	0.0	4.694390275396736	11	4	3	0	0
1	1383535200000	39	0.0261374242642866	0.0261374242642866	0.0017873101054994376	0.0	5.563428070108483	11	4	3	0	0
1	1383535800000	39	0.0261374242642866	0.0	0.0	0.0	4.906269023484827	11	4	3	0	0
1	1383536400000	39	0.10920185950874473	0.0	0.02730046487718618	0.0	5.265864769886541	11	4	3	0	0
1	1383537000000	39	0.10920185950874473	0.02730046487718618	0.0	0.0	6.042373224984945	11	4	3	0	0
1	1383537600000	39	0.0	0.0	0.0	0.0	5.1201436189697125	11	4	4	0	0
1	1383538200000	39	0.0261374242642866	0.0	0.0	0.0	4.6569047210068515	11	4	4	0	0
1	1383538800000	0	0.0017873101054994376	0.0	0.0	0.0	0.0	11	4	4	0	0
1	1383538800000	39	0.058175549965371234	0.058175549965371234	0.052274848528573205	0.003574620210998875	5.516061879148412	11	4	4	0	0
1	1383539400000	0	0.032662395193684496	0.0	0.0	0.0	0.0	11	4	4	0	0
1	1383539400000	39	0.003574620210998875	0.0017873101054994376	0.0017873101054994376	0.03444970529918393	4.947366738632404	11	4	4	0	0
1	1383540000000	0	0.05343788914147278	0.0	0.0	0.0	0.0	11	4	4	0	0
1	1383540000000	39	0.0	0.0	0.0	0.052274848528573205	5.107765904429122	11	4	4	0	0
1	1383540600000	0	0.0017873101054994376	0.0	0.0	0.0	0.0	11	4	4	0	0
1	1383540600000	39	0.05343788914147278	0.05343788914147278	0.0261374242642866	0.0261374242642866	5.311332371482316	11	4	4	0	0
1	1383541200000	0	0.0261374242642866	0.0	0.0	0.0	0.0	11	4	5	0	0
1	1383541200000	39	0.07841227279285981	0.02730046487718618	0.0261374242642866	0.0261374242642866	5.6007905855793725	11	4	5	0	0
1	1383541800000	39	0.07957531340575938	0.0261374242642866	0.02730046487718618	0.15682454558571962	5.318310615159715	11	4	5	0	0
1	1383542400000	0	0.0261374242642866	0.0	0.0	0.0	0.0	11	4	5	0	0
1	1383542400000	380	0.0	0.0	0.0	0.0261374242642866	0.0	11	4	5	0	0
1	1383542400000	39	0.07957531340575938	0.13417624316013174	0.0	0.02730046487718618	5.64642918391975	11	4	5	0	0
1	1383543000000	380	0.0	0.0	0.0	0.0261374242642866	0.0	11	4	5	0	0
1	1383543000000	39	0.05460092975437236	0.0017873101054994376	0.18591232056840526	0.052274848528573205	6.738522860100588	11	4	5	0	0
1	1383543600000	0	0.052274848528573205	0.0	0.0	0.0	0.0	11	4	5	0	0
1	1383543600000	39	0.23872594021727814	0.3444386778873241	0.07841227279285981	0.052274848528573205	7.5566406781990825	11	4	5	0	1
1	1383544200000	0	0.02792473436978604	0.0	0.0	0.0	0.0	11	4	5	0	0
1	1383544200000	39	0.24578968226697576	0.4751257992087571	0.07957531340575938	0.1383751328637305	8.772282652558268	11	4	5	0	1
1	1383544800000	0	0.0261374242642866	0.0	0.0	0.0	0.0	11	4	6	0	0
1	1383544800000	39	0.2998518409010484	0.19011121027200395	0.21437582605849095	0.02792473436978604	9.985427548947051	11	4	6	0	1
1	1383545400000	0	0.0017873101054994376	0.0	0.0	0.0	0.0	11	4	6	0	0
1	1383545400000	39	0.18940144240710396	0.323038914446936	0.1900257118997038	0.0825256641241584	11.940727110786266	11	4	6	0	1
1	1383546000000	0	0.0825256641241584	0.0	0.0	0.0	0.0	11	4	6	0	0
1	1383546000000	39	0.7413114413876256	0.621813213107385	0.2156243650436907	0.3183012536230375	12.135110949473967	11	4	6	0	1
1	1383546600000	0	0.16031366742441833	0.0	0.0	0.0	0.0	11	4	6	0	0
1	1383546600000	380	0.0	0.0	0.0	0.0261374242642866	0.0	11	4	6	0	0
1	1383546600000	39	0.4068131175562941	0.4431356313332776	0.24408787053377645	0.27022529479806306	11.390641962457936	11	4	6	0	1
1	1383546600000	49	0.0	0.0	0.0	0.0	0.0017873101054994376	11	4	6	0	0
1	1383547200000	0	0.16147670803731792	0.0	0.0	0.0	0.0	11	4	6	0	0
1	1383547200000	39	0.5391165522386263	0.3337627750799326	0.21965225800268914	0.4322407739556807	9.612157591193936	11	4	6	0	1
1	1383547800000	0	0.10687577828294556	0.0	0.0	0.0	0.0	11	4	6	0	0
1	1383547800000	33	0.0	0.0	0.0	0.0	0.0261374242642866	11	4	6	0	0
1	1383547800000	39	0.5422378997016255	0.27970061644586	0.1941391032310024	0.1936003321107027	9.083349167387006	11	4	6	0	1
1	1383547800000	40	0.0	0.0017873101054994376	0.0	0.0	0.0	11	4	6	0	0
1	1383548400000	0	0.4054790801987943	0.0	0.0	0.0261374242642866	0.0	11	4	7	0	1
1	1383548400000	357	0.0261374242642866	0.0	0.0	0.0	0.0	11	4	7	0	0
1	1383548400000	39	0.3272378041505347	0.38129996278460737	0.4620383168032664	0.4429646345886773	8.902542282018198	11	4	7	0	1
1	1383548400000	46	0.0	0.0	0.0	0.0	0.02792473436978604	11	4	7	0	0
1	1383549000000	0	0.2998518409010484	0.0	0.0	0.0261374242642866	0.0	11	4	7	0	1
1	1383549000000	33	0.0	0.0	0.0	0.0	0.0261374242642866	11	4	7	0	0
1	1383549000000	370	0.0	0.0017873101054994376	0.0	0.0	0.0	11	4	7	0	0
1	1383549000000	39	0.6335291176086808	0.2980645307955489	0.4881757410675529	0.5896040906616999	9.049326953949322	11	4	7	0	1
1	1383549000000	40	0.0	0.0	0.0	0.0261374242642866	0.0	11	4	7	0	0
1	1383549600000	0	0.4380559770201786	0.0	0.0	0.0	0.0	11	4	7	0	1
1	1383549600000	39	0.8920385079054479	0.27138833541096263	0.40494030907849454	0.5416136302090258	9.626664609329232	11	4	7	0	1
1	1383550200000	0	0.6954023267040461	0.0	0.0	0.0	0.0	11	4	7	0	1
1	1383550200000	33	0.0	0.0	0.0	0.0	0.0261374242642866	11	4	7	0	0
1	1383550200000	39	0.7307585774992293	0.3283153463911342	0.3753137629755092	0.7880275819686012	10.542540241159664	11	4	7	0	1
1	1383550200000	40	0.0	0.0	0.0	0.0261374242642866	0.0	11	4	7	0	0
1	1383550800000	0	0.4857641614694537	0.0	0.0	0.0	0.0	11	4	7	0	1
1	1383550800000	33	0.0	0.0	0.0	0.0	0.0261374242642866	11	4	7	0	0
1	1383550800000	39	0.8533899129026654	0.4299146927298815	0.6954023267040461	0.6675630907065603	8.6978245340123	11	4	7	0	1
1	1383550800000	46	0.0	0.0	0.0	0.0	0.0261374242642866	11	4	7	0	0
1	1383550800000	49	0.0	0.0	0.0	0.0	0.0017873101054994376	11	4	7	0	0
1	1383551400000	0	0.4573006559793679	0.0	0.0	0.0261374242642866	0.0	11	4	7	0	1
1	1383551400000	39	0.4573006559793679	0.4774518804345563	0.8093418470366893	0.5540393025752217	7.515041732477901	11	4	7	0	1
1	1383551400000	49	0.0	0.0	0.0	0.0	0.0017873101054994376	11	4	7	0	0
1	1383552000000	0	0.7471384041123196	0.0	0.0	0.02730046487718618	0.0	11	4	8	0	1
1	1383552000000	20	0.0	0.0	0.0017873101054994376	0.0	0.0	11	4	8	0	0
1	1383552000000	32	0.0	0.0	0.0	0.0	0.0261374242642866	11	4	8	0	0
1	1383552000000	355	0.0	0.0	0.0	0.0261374242642866	0.0	11	4	8	0	0
1	1383552000000	39	0.8153280468457875	0.3063768118304463	0.9716138213112074	0.9734011314167068	7.714580306572097	11	4	8	0	1
1	1383552000000	40	0.0	0.0	0.0	0.052274848528573205	0.0	11	4	8	0	0
1	1383552000000	46	0.0	0.0	0.0	0.0	0.0261374242642866	11	4	8	0	0
1	1383552600000	0	0.454435803633269	0.0	0.0	0.0	0.0	11	4	8	0	1
1	1383552600000	39	0.6509009880900706	0.5903993568989001	0.940567739478422	0.9153110798236356	7.846675203963135	11	4	8	0	1
1	1383552600000	7	0.0	0.0261374242642866	0.0	0.0	0.0	11	4	8	0	0
1	1383553200000	0	0.2203620258675892	0.0	0.0	0.0017873101054994376	0.0	11	4	8	0	0
1	1383553200000	39	0.40448703633049504	0.5678365528456125	1.0615710018607627	0.5993359074263973	9.088796596075804	11	4	8	0	1
1	1383553200000	91	0.0	0.0	0.0	0.0261374242642866	0.0	11	4	8	0	0
1	1383553800000	0	0.24596067901157606	0.0261374242642866	0.0	0.0	0.0	11	4	8	0	0
1	1383553800000	20	0.0	0.0	0.0	0.0261374242642866	0.0	11	4	8	0	0
1	1383553800000	39	0.4858496598417538	0.7814171126669033	0.7601028475988153	0.5940594754821992	9.006895201444246	11	4	8	0	1
1	1383553800000	420	0.05406215863407264	0.0261374242642866	0.0	0.0	0.0	11	4	8	0	0
1	1383554400000	0	0.13783636174343075	0.0	0.0	0.0	0.0	11	4	8	0	0
1	1383554400000	20	0.0	0.0	0.0	0.052274848528573205	0.0	11	4	8	0	0
1	1383554400000	39	0.43643966365927933	0.7669955929039126	0.9423550495839216	0.4740962147937629	8.320158908924494	11	4	8	0	1
1	1383554400000	971	0.0	0.0	0.0	0.0017873101054994376	0.0	11	4	8	0	0
1	1383555000000	0	0.3469357558577236	0.0	0.0	0.0	0.0	11	4	8	0	1
1	1383555000000	39	0.5676655561010122	1.1717649052378067	0.7624289288246144	0.5702481324437118	8.036957410979737	11	4	8	0	1
1	1383555000000	40	0.0	0.0	0.0017873101054994376	0.0	0.0	11	4	8	0	0
1	1383555600000	0	0.3183012536230375	0.0	0.0	0.0	0.0	11	4	9	0	1
1	1383555600000	380	0.0	0.0	0.0	0.052274848528573205	0.0	11	4	9	0	0
1	1383555600000	39	0.9161321269473348	0.569820640582211	0.7439795161026254	0.9128140018532364	7.153696216517384	11	4	9	0	1
1	1383555600000	46	0.0	0.0	0.0	0.0	0.0017873101054994376	11	4	9	0	0
1	1383555600000	7	0.0261374242642866	0.0261374242642866	0.0	0.0	0.0	11	4	9	0	0
1	1383556200000	0	0.4073518886765938	0.0	0.0	0.0017873101054994376	0.0	11	4	9	0	1
1	1383556200000	33	0.0	0.0	0.0	0.0	0.0261374242642866	11	4	9	0	0
1	1383556200000	39	0.7896438953295004	0.5669557882361121	0.835479271300976	0.9015138295532448	8.378899010896662	11	4	9	0	1
1	1383556200000	49	0.0	0.0	0.02730046487718618	0.0	0.0	11	4	9	0	0
1	1383556800000	0	0.27022529479806306	0.0	0.0	0.0	0.0	11	4	9	0	0
1	1383556800000	32	0.0	0.0	0.0	0.0	0.02730046487718618	11	4	9	0	0
1	1383556800000	39	1.143766432155917	0.3183012536230375	0.7838286922650025	0.8409266999897744	7.183322762620369	11	4	9	0	1
1	1383556800000	49	0.0	0.0	0.0	0.0	0.0261374242642866	11	4	9	0	0
1	1383557400000	0	0.323038914446936	0.0	0.02730046487718618	0.0	0.0	11	4	9	0	1
1	1383557400000	39	0.6758753717414576	0.5106530467485405	0.8907899689202482	0.7951768223905991	8.937051704803181	11	4	9	0	1
1	1383557400000	44	0.0	0.0	0.02730046487718618	0.0	0.0	11	4	9	0	0
1	1383557400000	46	0.0	0.0	0.0	0.0	0.003574620210998875	11	4	9	0	0
1	1383557400000	971	0.0	0.0	0.0017873101054994376	0.0	0.0	11	4	9	0	0
1	1383558000000	0	0.239350209709878	0.0	0.0	0.0	0.0	11	4	9	0	0
1	1383558000000	380	0.0	0.0	0.0	0.0261374242642866	0.0	11	4	9	0	0
1	1383558000000	39	0.7874033124760015	0.2701397964257629	0.996417208217994	0.7899003904464008	10.812471500294132	11	4	9	0	1
1	1383558000000	40	0.0	0.0	0.0	0.0261374242642866	0.0	11	4	9	0	0
1	1383558000000	44	0.0	0.0	0.02730046487718618	0.0	0.0	11	4	9	0	0
1	1383558000000	46	0.0	0.0	0.0	0.0	0.0261374242642866	11	4	9	0	0
1	1383558000000	49	0.0	0.0	0.0261374242642866	0.0	0.0	11	4	9	0	0
1	1383558600000	0	0.3266135346579349	0.0	0.0	0.0	0.0	11	4	9	0	1
1	1383558600000	33	0.0	0.02730046487718618	0.0261374242642866	0.0	0.0	11	4	9	0	0
1	1383558600000	39	0.5759778371359096	0.3532897300425212	0.43473785192608017	0.6045268409982955	8.473508353897817	11	4	9	0	1
1	1383558600000	46	0.0	0.0	0.0	0.0	0.0017873101054994376	11	4	9	0	0
1	1383558600000	49	0.0	0.0	0.0	0.0	0.0261374242642866	11	4	9	0	0
1	1383559200000	0	0.3528364572945216	0.0	0.0	0.0	0.0	11	4	10	0	1
1	1383559200000	39	0.6857184677649539	0.6943247844634467	0.7780134892005046	0.7922264716722001	12.634992177763907	11	4	10	0	1
1	1383559200000	46	0.0	0.0	0.0	0.0	0.0017873101054994376	11	4	10	0	0
1	1383559200000	48	0.0261374242642866	0.0261374242642866	0.0	0.0	0.0	11	4	10	0	0
1	1383559800000	0	0.4323262723279808	0.0261374242642866	0.0	0.0	0.0	11	4	10	0	1
1	1383559800000	39	0.7566137257601167	0.3224146449543361	0.6620781214710668	0.8723405561982591	8.258593756719026	11	4	10	0	1
1	1383559800000	46	0.0	0.0	0.0	0.0	0.0017873101054994376	11	4	10	0	0
1	1383559800000	48	0.052274848528573205	0.0	0.0	0.0	0.0	11	4	10	0	0
1	1383560400000	0	0.3277765752708344	0.0	0.0	0.0	0.0	11	4	10	0	1
1	1383560400000	39	0.3735744106956148	0.27192710653126234	0.7624289288246144	1.0089283789564902	8.331863053765593	11	4	10	0	1
1	1383560400000	971	0.0	0.0	0.02730046487718618	0.0	0.0	11	4	10	0	0
1	1383561000000	0	0.3545382690277209	0.0	0.0	0.0	0.0	11	4	10	0	1
1	1383561000000	31	0.0	0.0	0.0	0.003574620210998875	0.0	11	4	10	0	0
1	1383561000000	39	0.6775771834746569	0.3771010730810086	0.7660890474079134	0.7352994606920286	11.006513345492637	11	4	10	0	1
1	1383561600000	0	0.2203620258675892	0.0	0.0	0.0	0.0	11	4	10	0	0
1	1383561600000	39	0.6371037378196797	0.3532897300425212	0.7370012724252278	0.5564508821733211	9.45479427448792	11	4	10	0	1
1	1383561600000	41	0.0	0.0	0.0	0.0	0.0017873101054994376	11	4	10	0	0
1	1383561600000	46	0.0	0.0	0.0	0.0	0.0017873101054994376	11	4	10	0	0
1	1383562200000	0	0.2447121400263763	0.0	0.0	0.0	0.0	11	4	10	0	0
1	1383562200000	380	0.0	0.0	0.0	0.0261374242642866	0.0	11	4	10	0	0
1	1383562200000	39	0.4068986159285942	0.2499885719705745	0.8788655271276571	0.7048776483518431	8.536421564687087	11	4	10	0	1
1	1383562800000	0	0.3242019550598356	0.0	0.0	0.0	0.0	11	4	11	0	1
1	1383562800000	355	0.0	0.0	0.0	0.0261374242642866	0.0	11	4	11	0	0
1	1383562800000	39	0.3783496120662083	0.2963627190623497	0.8194414381770861	0.7054164194721427	11.105824151152284	11	4	11	0	1
1	1383562800000	40	0.0	0.0	0.0	0.0261374242642866	0.0	11	4	11	0	0
1	1383562800000	46	0.0	0.0	0.0	0.0	0.07841227279285981	11	4	11	0	0
1	1383563400000	0	0.22393664607858804	0.0	0.0	0.0	0.0	11	4	11	0	0
1	1383563400000	39	0.6687261313194598	0.3800514237994077	0.7067504568296427	0.4638256269087657	10.248770515718926	11	4	11	0	1
1	1383563400000	44	0.0	0.0	0.0261374242642866	0.0	0.0	11	4	11	0	0
1	1383563400000	46	0.0	0.0	0.0	0.0	0.0261374242642866	11	4	11	0	0
1	1383563400000	49	0.0	0.0	0.0	0.0261374242642866	0.0	11	4	11	0	0
1	1383564000000	0	0.030875085088185057	0.0	0.0	0.0	0.0	11	4	11	0	0
1	1383564000000	39	0.6283381840367829	0.320088563728537	0.5598545056397195	0.6257556076940833	8.453870119676429	11	4	11	0	1
1	1383564600000	0	0.2184892173897896	0.0	0.0	0.0	0.0	11	4	11	0	0
1	1383564600000	20	0.0	0.0	0.0	0.0017873101054994376	0.0	11	4	11	0	0
1	1383564600000	39	0.5017644540466484	0.2814879265513594	0.621103445242485	0.7435262433546257	8.725626229463094	11	4	11	0	1
1	1383565200000	0	0.2933268699716505	0.0	0.02730046487718618	0.0261374242642866	0.0	11	4	11	0	1
1	1383565200000	39	0.66810186182686	0.4043160395858947	0.6568016895268687	0.4935376713840513	8.336980248625387	11	4	11	0	1
1	1383565800000	0	0.4780761499271562	0.0	0.0	0.0017873101054994376	0.0	11	4	11	0	1
1	1383565800000	39	0.9222893235010332	0.5066251537895421	0.7624289288246145	0.7577767663730162	8.232307512649246	11	4	11	0	1
1	1383566400000	0	0.4585491949645676	0.0	0.0	0.02730046487718618	0.0	11	4	12	0	1
1	1383566400000	39	0.7850772312502023	0.5636376631420137	0.5695383645788117	0.9239056368619324	8.599014958926261	11	4	12	0	1
1	1383567000000	0	0.2440878705337765	0.0	0.0	0.0	0.0	11	4	12	0	0
1	1383567000000	39	0.6413401680699735	0.4269643420114825	0.8662688580168607	0.857588802606264	8.33898651330109	11	4	12	0	1
1	1383567600000	0	0.1579875861986192	0.05460092975437236	0.0	0.0	0.0	11	4	12	0	0
1	1383567600000	380	0.0	0.0	0.0	0.0261374242642866	0.0	11	4	12	0	0
1	1383567600000	39	0.957315340467212	0.6704279430526592	0.4833150413246592	0.6283381840367829	7.869260184955528	11	4	12	0	1
1	1383568200000	0	0.26906225418516344	0.05460092975437236	0.0	0.0	0.0	11	4	12	0	1
1	1383568200000	39	0.951414639030414	0.500724452352744	0.7885663530889011	0.6039880698779957	9.252327526614431	11	4	12	0	1
1	1383568800000	0	0.27433868612936163	0.0	0.0	0.08190139463155853	0.0	11	4	12	0	1
1	1383568800000	39	0.9418162784636216	0.7036291093666434	0.6045268409982955	0.7096153091757414	9.02164695503624	11	4	12	0	1
1	1383569400000	0	0.1638882876354172	0.0261374242642866	0.0	0.0261374242642866	0.0	11	4	12	0	0
1	1383569400000	30	0.0261374242642866	0.0	0.0261374242642866	0.0	0.0	11	4	12	0	0
1	1383569400000	39	0.7351284639474284	0.33259973446703306	0.7737770589502109	0.4181612476818906	8.410665277873257	11	4	12	0	1
1	1383570000000	0	0.2447121400263763	0.0261374242642866	0.0	0.0	0.0	11	4	13	0	0
1	1383570000000	212	0.0	0.0	0.0	0.0017873101054994376	0.0	11	4	13	0	0
1	1383570000000	30	0.0261374242642866	0.0	0.07841227279285981	0.0	0.0	11	4	13	0	0
1	1383570000000	355	0.0261374242642866	0.0	0.0	0.0	0.0	11	4	13	0	0
1	1383570000000	39	1.3105675299630382	0.5736517559101104	0.8116679282624886	0.6360261955790802	8.873524641800222	11	4	13	0	1
1	1383570600000	0	0.16567559774091664	0.0	0.02730046487718618	0.02730046487718618	0.0	11	4	13	0	0
1	1383570600000	355	0.0	0.0	0.0	0.0261374242642866	0.0	11	4	13	0	0
1	1383570600000	39	0.8897124266796489	0.5985406411891973	0.8657300868965611	0.8990167515828456	8.416271943646459	11	4	13	0	1
1	1383571200000	0	0.2126740143252917	0.0261374242642866	0.0	0.0	0.0	11	4	13	0	0
1	1383571200000	32	0.0	0.0	0.0	0.0	0.0017873101054994376	11	4	13	0	0
1	1383571200000	33	0.0	0.0	0.0	0.0	0.0261374242642866	11	4	13	0	0
1	1383571200000	355	0.0261374242642866	0.0	0.0	0.0	0.0	11	4	13	0	0
1	1383571200000	39	0.5564508821733211	0.4608752761903668	0.7884808547166008	0.628423682409083	8.840605751489639	11	4	13	0	1
1	1383571200000	49	0.0261374242642866	0.052274848528573205	0.0	0.0	0.0	11	4	13	0	0
1	1383571800000	0	0.3349258156928322	0.07841227279285981	0.0	0.02730046487718618	0.0	11	4	13	0	1
1	1383571800000	370	0.052274848528573205	0.0261374242642866	0.0	0.0	0.0	11	4	13	0	0
1	1383571800000	39	0.6509864864623708	0.276750265727461	0.646077828893872	0.5677510544733123	8.815583410012646	11	4	13	0	1
1	1383571800000	40	0.0	0.0	0.0	0.0261374242642866	0.0	11	4	13	0	0
1	1383571800000	44	0.0017873101054994376	0.0017873101054994376	0.0	0.005361930316498314	0.0	11	4	13	0	0
1	1383572400000	0	0.14365156480792865	0.0	0.0	0.0	0.0	11	4	13	0	0
1	1383572400000	33	0.0	0.0	0.0	0.0	0.0017873101054994376	11	4	13	0	0
1	1383572400000	39	1.1081161456971382	0.44117732448317787	0.6282526856644828	0.6834778849114549	9.596413793733646	11	4	13	0	1
1	1383572400000	44	0.0	0.0	0.0	0.0017873101054994376	0.0	11	4	13	0	0
1	1383573000000	0	0.32964938374863395	0.0	0.0	0.0	0.0	11	4	13	0	1
1	1383573000000	34	0.052274848528573205	0.0	0.0	0.0	0.0	11	4	13	0	0
1	1383573000000	39	1.3282216764478272	0.3841648151307063	0.6745413343839577	1.0985177851303465	10.016926903527835	11	4	13	0	1
1	1383573000000	40	0.0	0.0	0.0	0.0261374242642866	0.0	11	4	13	0	0
1	1383573600000	0	0.1900257118997038	0.0	0.0	0.0	0.0	11	4	14	0	0
1	1383573600000	39	0.7066649584573426	0.4078906597968935	0.7587688102413154	0.7623434304523142	11.104353053649485	11	4	14	0	1
1	1383573600000	46	0.0	0.0	0.0	0.0	0.0261374242642866	11	4	14	0	0
1	1383574200000	0	0.11045039849394443	0.003574620210998875	0.0	0.0	0.0	11	4	14	0	0
1	1383574200000	39	0.7629676999449142	0.5224544496221366	0.735667235067728	0.8546384518878651	11.232910871376216	11	4	14	0	1
1	1383574200000	855	0.0	0.0	0.0261374242642866	0.0	0.0	11	4	14	0	0
1	1383574800000	0	0.2220638376007885	0.0	0.0017873101054994376	0.0	0.0	11	4	14	0	0
1	1383574800000	39	1.1881447318508975	0.6523463047063695	0.520581641144337	0.6287914567847824	13.484684431536582	11	4	14	0	1
1	1383574800000	40	0.0261374242642866	0.0	0.0	0.02730046487718618	0.0	11	4	14	0	0
1	1383575400000	0	0.27192710653126234	0.0	0.0	0.0	0.0	11	4	14	0	0
1	1383575400000	34	0.0	0.0	0.003574620210998875	0.0	0.0	11	4	14	0	0
1	1383575400000	380	0.0	0.0	0.0	0.0261374242642866	0.0	11	4	14	0	0
1	1383575400000	39	0.8586663448468635	0.4264255708911828	0.8634040056707619	0.8199802092973858	12.584036002985249	11	4	14	0	1
1	1383575400000	48	0.0261374242642866	0.0	0.0	0.0	0.0	11	4	14	0	0
1	1383576000000	0	0.13363747203983206	0.0	0.0	0.0	0.0	11	4	14	0	0
1	1383576000000	33	0.0	0.0	0.0	0.0017873101054994376	0.0	11	4	14	0	0
1	1383576000000	39	0.6478651389993715	0.4797779616603554	0.6311175380105816	0.8462886303062727	10.109723155536988	11	4	14	0	1
1	1383576600000	0	0.4310777333427811	0.0	0.0	0.0261374242642866	0.0	11	4	14	0	1
1	1383576600000	39	0.3527509589222215	0.4090537004097931	0.8954421313718466	0.8130019656199884	10.586145451556552	11	4	14	0	1
1	1383577200000	0	0.4073518886765938	0.0	0.0	0.0	0.0	11	4	15	0	1
1	1383577200000	380	0.0	0.0	0.0	0.0261374242642866	0.0	11	4	15	0	0
1	1383577200000	39	0.7690393981263124	0.5028419962872479	0.7909779326870003	0.6685175940281645	11.602274632708035	11	4	15	0	1
1	1383577200000	48	0.0261374242642866	0.0	0.0	0.0	0.0	11	4	15	0	0
1	1383577800000	0	0.350253880951822	0.0	0.0	0.0	0.0	11	4	15	0	1
1	1383577800000	33	0.0	0.0	0.02730046487718618	0.0	0.0261374242642866	11	4	15	0	0
1	1383577800000	39	0.7079134974425422	0.34801329809832304	1.0129562719154883	1.3591822599083123	13.30040018398927	11	4	15	0	1
1	1383578400000	0	0.3467647591131233	0.0	0.0	0.0	0.0	11	4	15	0	1
1	1383578400000	39	0.7839141906373028	0.16513682662061693	0.9571923015482168	1.2340656061946729	12.10735855423007	11	4	15	0	1
1	1383579000000	0	0.4893387816804525	0.0	0.02730046487718618	0.0	0.0	11	4	15	0	1
1	1383579000000	30	0.0261374242642866	0.0	0.0	0.0	0.0	11	4	15	0	0
1	1383579000000	33	0.0	0.0	0.0	0.0	0.0261374242642866	11	4	15	0	0
1	1383579000000	39	0.7107783497886411	0.2221493359730886	1.0268390205581794	1.2125803443819847	11.095587499866587	11	4	15	0	1
1	1383579600000	0	0.2678137151999638	0.0	0.0	0.052274848528573205	0.0	11	4	15	0	1
1	1383579600000	39	0.4945297152523506	0.3882782064620048	0.9227425962490328	0.977258027631105	10.31412242937408	11	4	15	0	1
1	1383580200000	0	0.22268810709338832	0.0	0.0	0.0	0.0	11	4	15	0	0
1	1383580200000	39	0.7233270610738322	0.5694528662065117	0.9025913717938444	0.7244046033144317	11.187588485638539	11	4	15	0	1
1	1383580200000	41	0.0	0.0	0.0	0.0261374242642866	0.0	11	4	15	0	0
1	1383580800000	0	0.2963627190623496	0.0	0.0	0.0	0.0	11	4	16	0	0
1	1383580800000	39	1.2171470084612828	0.5396553233589261	0.8989312532105455	1.0651456220717617	13.447834906299493	11	4	16	0	1
1	1383581400000	0	0.35507704014802066	0.0	0.0	0.0	0.0	11	4	16	0	1
1	1383581400000	39	1.16370911931981	0.751166297071318	1.0421295452704746	1.0622807697256629	12.701123994048677	11	4	16	0	1
1	1383582000000	0	0.19708945394940144	0.0	0.0	0.0	0.0	11	4	16	0	0
1	1383582000000	39	1.1209095924390338	0.5070784265375416	1.1162574299874355	1.108654916817438	13.115171850399266	11	4	16	0	1
1	1383582000000	880	0.0	0.0	0.0	0.0261374242642866	0.0	11	4	16	0	0
1	1383582600000	0	0.21204974483269184	0.052274848528573205	0.0	0.0261374242642866	0.0	11	4	16	0	0
1	1383582600000	355	0.0	0.0	0.0	0.0261374242642866	0.0	11	4	16	0	0
1	1383582600000	39	0.8687659359872603	0.542605674077325	0.8383441236470748	1.3892620787592973	11.873306953403494	11	4	16	0	1
1	1383583200000	0	0.1905644830200036	0.0	0.0017873101054994376	0.0	0.0	11	4	16	0	0
1	1383583200000	33	0.0	0.0	0.0	0.0261374242642866	0.0	11	4	16	0	0
1	1383583200000	380	0.0	0.0	0.0	0.0261374242642866	0.0	11	4	16	0	0
1	1383583200000	39	0.7542876445343174	0.3005616087659484	1.0016936401621923	1.1545757911612138	14.380323340539524	11	4	16	0	1
1	1383583800000	33	0.0	0.0	0.0261374242642866	0.0	0.0	11	4	16	0	0
1	1383583800000	39	0.4607897778180666	0.20074957253270045	1.005807031493491	1.3003824404503408	11.428730134022866	11	4	16	0	1
1	1383584400000	0	0.21258851595299155	0.0261374242642866	0.0	0.0	0.0	11	4	17	0	0
1	1383584400000	380	0.0	0.0	0.0	0.0261374242642866	0.0	11	4	17	0	0
1	1383584400000	39	0.9167563964399346	0.27371441663676177	1.0575431089017644	1.4499722472417629	11.621898845703123	11	4	17	0	1
1	1383584400000	41	0.0	0.0	0.02730046487718618	0.0	0.0	11	4	17	0	0
1	1383585000000	0	0.055225199246972216	0.0	0.02730046487718618	0.0	0.0	11	4	17	0	0
1	1383585000000	1	0.0261374242642866	0.0	0.0	0.0	0.0	11	4	17	0	0
1	1383585000000	212	0.0	0.0	0.0	0.0017873101054994376	0.0	11	4	17	0	0
1	1383585000000	39	0.751166297071318	0.3609777415848186	1.081439950312552	1.0736288998512593	12.198697729962731	11	4	17	0	1
1	1383585600000	0	0.10687577828294556	0.0	0.0	0.0	0.0	11	4	17	0	0
1	1383585600000	33	0.02730046487718618	0.0	0.0	0.0	0.0	11	4	17	0	0
1	1383585600000	39	0.7165935528531391	0.5717789474323107	1.2486463630420677	1.4185208504865832	13.685557042988277	11	4	17	0	1
1	1383585600000	420	0.0	0.07841227279285981	0.0	0.0	0.0	11	4	17	0	0
1	1383586200000	0	0.2934123683439506	0.0	0.0	0.0	0.0	11	4	17	0	0
1	1383586200000	20	0.0	0.0	0.0	0.0261374242642866	0.0	11	4	17	0	0
1	1383586200000	39	0.5541248009475218	0.4073518886765938	0.8925772790257476	0.8544299145965698	14.07934239562488	11	4	17	0	1
1	1383586200000	420	0.0	0.052274848528573205	0.0	0.0	0.0	11	4	17	0	0
1	1383586200000	46	0.0	0.0	0.0	0.0	0.0261374242642866	11	4	17	0	0
1	1383586200000	49	0.0	0.0	0.0	0.0	0.0261374242642866	11	4	17	0	0
1	1383586800000	0	0.1603991657967185	0.0	0.0	0.0	0.0	11	4	17	0	0
1	1383586800000	39	0.7925942460478995	0.31772494195604273	1.16433338881241	1.0034809502676918	13.341727270985961	11	4	17	0	1
1	1383587400000	0	0.1348005126527316	0.0	0.0	0.0	0.0	11	4	17	0	0
1	1383587400000	20	0.0	0.0	0.0	0.02730046487718618	0.0	11	4	17	0	0
1	1383587400000	39	1.0034809502676918	0.3871151658491052	1.4001089783112888	0.8782412576350572	15.29136179194746	11	4	17	0	2
1	1383587400000	420	0.0	0.0261374242642866	0.0	0.0	0.0	11	4	17	0	0
1	1383588000000	0	0.3729021833774099	0.0	0.0	0.0	0.0	11	4	18	0	1
1	1383588000000	33	0.02730046487718618	0.02730046487718618	0.0	0.0	0.0	11	4	18	0	0
1	1383588000000	380	0.0	0.0	0.0	0.02792473436978604	0.0	11	4	18	0	0
1	1383588000000	39	0.8429962860986732	0.7634209726929138	1.0878794228696496	1.0783186028495526	15.0246735768137	11	4	18	0	2
1	1383588600000	0	0.4322407739556807	0.0	0.0	0.0	0.0	11	4	18	0	1
1	1383588600000	355	0.0	0.0	0.052274848528573205	0.0	0.0	11	4	18	0	0
1	1383588600000	380	0.0	0.0	0.0	0.0261374242642866	0.0	11	4	18	0	0
1	1383588600000	39	1.196542511258095	0.4466247531719764	1.1719359019824072	0.9256929469674318	17.045212430667984	11	4	18	0	2
1	1383589200000	0	0.456676386486768	0.0	0.0	0.0	0.0	11	4	18	0	1
1	1383589200000	355	0.0	0.0	0.0	0.0261374242642866	0.0	11	4	18	0	0
1	1383589200000	39	0.6497379474771711	0.5089991928409463	0.8378908508990752	0.7238658321941319	12.218566678414518	11	4	18	0	1
1	1383589800000	0	0.3538285011628209	0.0	0.0	0.0261374242642866	0.0	11	4	18	0	1
1	1383589800000	39	0.8593761127117635	0.5676655561010122	0.8206899771622858	0.9459296697949204	11.305113043461091	11	4	18	0	1
1	1383589800000	46	0.0	0.0	0.0	0.0	0.0261374242642866	11	4	18	0	0
1	1383589800000	49	0.0	0.0	0.0	0.0	0.02971204447528548	11	4	18	0	0
1	1383590400000	0	0.4624915895512659	0.0017873101054994376	0.0	0.0	0.0	11	4	18	0	1
1	1383590400000	39	0.8964341752401459	0.4998916455688489	0.5854531587837064	0.8978537109699459	10.48056617008441	11	4	18	0	1
1	1383590400000	41	0.02730046487718618	0.0	0.0	0.0	0.0	11	4	18	0	0
1	1383591000000	0	0.27255137602386226	0.0	0.0	0.07957531340575938	0.0	11	4	18	0	1
1	1383591000000	39	0.5422003591549305	0.6140876610183924	0.7755164112301052	0.73047630149583	13.748896403257758	11	4	18	0	1
1	1383591000000	40	0.0	0.003574620210998875	0.0	0.0	0.0	11	4	18	0	0
1	1383591000000	41	0.0	0.0	0.02730046487718618	0.02730046487718618	0.0	11	4	18	0	0
1	1383591600000	0	0.19056448302000356	0.0	0.0	0.0	0.0	11	4	19	0	0
1	1383591600000	39	0.5184265566631382	0.32893961588373405	0.5886120467934007	0.5961290615910979	14.286150564297495	11	4	19	0	1
1	1383591600000	41	0.0	0.0	0.02730046487718618	0.0	0.0	11	4	19	0	0
1	1383592200000	0	0.21965225800268914	0.0	0.0	0.02730046487718618	0.0	11	4	19	0	0
1	1383592200000	39	0.3675027125142165	0.32840084476343434	0.5872780094359008	0.5143131653318395	13.845390314396909	11	4	19	0	1
1	1383592800000	0	0.37236341225711017	0.0	0.0	0.0261374242642866	0.0	11	4	19	0	1
1	1383592800000	39	0.9008040616883448	0.6204791757498851	0.65197853033067	0.5944272498578986	15.147953620214945	11	4	19	0	2
1	1383592800000	40	0.0	0.0	0.0	0.07841227279285981	0.0	11	4	19	0	0
1	1383593400000	0	0.10982612900134456	0.0	0.0	0.052274848528573205	0.0	11	4	19	0	0
1	1383593400000	20	0.0	0.0	0.0	0.0261374242642866	0.0	11	4	19	0	0
1	1383593400000	39	1.532412412993621	0.7837431938927024	0.5380390099980268	0.607930464464694	15.991697214725216	11	4	19	0	2
1	1383594000000	0	0.0017873101054994376	0.07841227279285981	0.0	0.0	0.0	11	4	19	0	0
1	1383594000000	39	0.5106530467485405	0.4281273826243821	0.3847890846233061	0.3034264611120473	15.660761751444689	11	4	19	0	2
1	1383594000000	46	0.0	0.0	0.0	0.0	0.0261374242642866	11	4	19	0	0
1	1383594600000	0	0.16326401814281735	0.052274848528573205	0.0	0.05343788914147278	0.0	11	4	19	0	0
1	1383594600000	355	0.0	0.0	0.0	0.0261374242642866	0.0	11	4	19	0	0
1	1383594600000	39	0.7921409732999	0.541074859088726	0.6395528579644741	0.7677908591411128	15.566349186074634	11	4	19	0	2
1	1383595200000	0	0.1342617415324319	0.0	0.0	0.0	0.0	11	4	20	0	0
1	1383595200000	33	0.0	0.08190139463155853	0.0	0.0	0.0	11	4	20	0	0
1	1383595200000	39	1.4834299086726477	0.4917503612785518	0.4631158590438658	0.2707640659183628	17.49902622637476	11	4	20	0	2
1	1383595200000	46	0.0	0.0	0.0	0.0	0.0261374242642866	11	4	20	0	0
1	1383595800000	0	0.13891390398403022	0.02730046487718618	0.02730046487718618	0.0	0.0	11	4	20	0	0
1	1383595800000	39	0.735752733440028	0.5155617043170393	0.3260747635376351	0.5392020506109265	17.372245301474614	11	4	20	0	2
1	1383596400000	0	0.11697536942334233	0.0	0.0	0.0	0.0	11	4	20	0	0
1	1383596400000	39	0.6913368931983527	0.6533125676881698	0.3254504940450353	0.3847890846233061	14.666708164999188	11	4	20	0	1
1	1383597000000	0	0.1348005126527316	0.0	0.0	0.0	0.0	11	4	20	0	0
1	1383597000000	39	0.6906271253334527	0.6919987032376476	0.2457896822669757	0.38059019491970736	14.700571141352468	11	4	20	0	1
1	1383597600000	0	0.030875085088185057	0.0	0.0	0.0	0.0	11	4	20	0	0
1	1383597600000	39	0.5795524573469084	0.5344268492403329	0.19235179312550302	0.1650513282483168	13.226554575275705	11	4	20	0	1
1	1383597600000	421	0.0	0.0	0.02730046487718618	0.0	0.0	11	4	20	0	0
1	1383597600000	44	0.05460092975437236	0.05460092975437236	0.0	0.0	0.0	11	4	20	0	0
1	1383598200000	0	0.1127764797197436	0.0	0.0	0.0	0.0	11	4	20	0	0
1	1383598200000	32	0.0	0.0017873101054994376	0.0	0.0	0.0017873101054994376	11	4	20	0	0
1	1383598200000	39	0.674002563263658	0.4696408299732637	0.2689767558128633	0.2184892173897896	13.41161872545263	11	4	20	0	1
1	1383598200000	421	0.02730046487718618	0.02730046487718618	0.0	0.0	0.0	11	4	20	0	0
1	1383598200000	44	0.02730046487718618	0.02730046487718618	0.0	0.0	0.0	11	4	20	0	0
1	1383598800000	0	0.13417624316013174	0.0	0.0	0.0	0.0	11	4	21	0	0
1	1383598800000	39	1.0422525841894696	0.969741012833408	0.2446266416540762	0.18528805107580534	12.190753223303533	11	4	21	0	1
1	1383599400000	0	0.055225199246972216	0.0	0.0	0.0	0.0	11	4	21	0	0
1	1383599400000	39	0.7280647218977306	0.912643005108636	0.13596355326563114	0.16567559774091667	12.746114803576061	11	4	21	0	1
1	1383599400000	46	0.0	0.0	0.0	0.0	0.0261374242642866	11	4	21	0	0
1	1383600000000	0	0.13417624316013174	0.0	0.0	0.0	0.0	11	4	21	0	0
1	1383600000000	39	0.9180049354251344	0.6750801055042575	0.10803881889584513	0.16210097752991776	11.68361013295151	11	4	21	0	1
1	1383600000000	421	0.02730046487718618	0.0	0.0	0.0	0.0	11	4	21	0	0
1	1383600000000	46	0.0	0.0	0.0	0.0	0.0261374242642866	11	4	21	0	0
1	1383600600000	0	0.10920185950874473	0.0	0.0	0.0	0.0	11	4	21	0	0
1	1383600600000	39	0.8395926626322745	0.8918675111608477	0.10982612900134456	0.16326401814281738	13.457811458520894	11	4	21	0	1
1	1383601200000	0	0.1377508633711306	0.0261374242642866	0.0	0.0	0.0	11	4	21	0	0
1	1383601200000	39	0.6366880056183752	0.6466166000141716	0.10803881889584513	0.18940144240710396	12.852612390204394	11	4	21	0	1
1	1383601200000	421	0.0	0.02730046487718618	0.0	0.0	0.0	11	4	21	0	0
1	1383601200000	46	0.0	0.0	0.0	0.0	0.0261374242642866	11	4	21	0	0
1	1383601800000	0	0.05343788914147278	0.0	0.0	0.0	0.0	11	4	21	0	0
1	1383601800000	39	0.7250288728070314	0.6478651389993715	0.08136262351125882	0.08073835401865896	13.32893742819146	11	4	21	0	1
1	1383602400000	0	0.05343788914147278	0.0	0.0	0.0	0.0	11	4	22	0	0
1	1383602400000	39	0.5959580648464976	0.6511832640934699	0.1917275236329031	0.05343788914147278	12.480296935772891	11	4	22	0	1
1	1383603000000	0	0.08190139463155853	0.0	0.0	0.0	0.0	11	4	22	0	0
1	1383603000000	39	0.7476771752326195	0.8835552301259504	0.10750004777554543	0.030875085088185057	11.6773312398601	11	4	22	0	1
1	1383603600000	0	0.0017873101054994376	0.0	0.0	0.0	0.0	11	4	22	0	0
1	1383603600000	39	0.4036917700932948	0.458916969340267	0.10803881889584513	0.10920185950874473	11.653839713371712	11	4	22	0	1
1	1383604200000	0	0.02730046487718618	0.0	0.0	0.0	0.0	11	4	22	0	0
1	1383604200000	39	0.8608214293280625	0.4531017662757692	0.05343788914147278	0.05343788914147278	10.053947425509524	11	4	22	0	1
1	1383604200000	46	0.0	0.0	0.0	0.0	0.0261374242642866	11	4	22	0	0
1	1383604800000	39	0.29752575967524925	0.3561545823886201	0.21724067840458988	0.05460092975437236	11.416938623806624	11	4	22	0	1
1	1383605400000	0	0.0017873101054994376	0.0	0.0	0.02730046487718618	0.0	11	4	22	0	0
1	1383605400000	39	0.0849372437222577	0.06299870916156983	0.05343788914147278	0.0825256641241584	9.81446375960174	11	4	22	0	0
10	1383519600000	0	0.05917506093295659	0.0	0.0	0.0	0.0	11	3	23	6	0
10	1383519600000	39	0.028653089065956112	0.010173990622333493	0.028653089065956112	0.0388270796882896	5.231008731949634	11	3	23	6	0
10	1383520200000	39	0.16361342657444755	0.0776541593765792	0.010173990622333493	0.0	5.415398085824642	11	3	23	6	0
10	1383520800000	39	0.042778818318324766	0.05690454757069344	0.014125729252368662	0.020347981244666986	5.200989409161423	11	3	23	6	0
10	1383521400000	39	0.12230186049594835	0.09177988862894786	0.0	0.028653089065956112	4.593480232839938	11	3	23	6	0
10	1383522000000	39	0.13247585111828186	0.1980871370714832	0.0	0.0388270796882896	4.47628661512946	11	3	23	6	1
10	1383522600000	39	0.2533104593744046	0.20430938906378152	0.0	0.028653089065956112	4.732204651445193	11	3	23	6	1
10	1383522600000	49	0.014125729252368662	0.0	0.0	0.0	0.0	11	3	23	6	0
10	1383523200000	39	0.18978202925019405	0.1756562999978254	0.0	0.0	3.9945547043498437	11	4	0	0	1
10	1383523800000	39	0.18126294840095847	0.22839513591053726	0.0	0.0	4.654776401089366	11	4	0	0	1
10	1383524400000	39	0.22652625310949284	0.08139192497866794	0.014125729252368662	0.010173990622333493	4.879835401959033	11	4	0	0	1
10	1383525000000	39	0.2242557397472297	0.17960803862786054	0.014125729252368662	0.0	4.351796636825823	11	4	0	0	1
10	1383525000000	46	0.0	0.0	0.0	0.0	0.028653089065956112	11	4	0	0	0
10	1383525600000	39	0.21074561408402626	0.1368292203095358	0.0	0.0	3.7058704982995208	11	4	0	0	1
10	1383526200000	39	0.13869810311058015	0.2246573703084485	0.0	0.0	3.866383834894594	11	4	0	0	1
10	1383526800000	39	0.1368292203095358	0.12852411248824666	0.0	0.0	3.4298668412952886	11	4	1	0	0
10	1383527400000	39	0.09177988862894786	0.04900107031062309	0.0	0.0	3.591900061119535	11	4	1	0	0
10	1383528000000	39	0.0776541593765792	0.10817613124357968	0.0	0.0	3.440040831917622	11	4	1	0	0
10	1383528600000	39	0.0388270796882896	0.0388270796882896	0.0	0.0	3.196738777665828	11	4	1	0	0
10	1383528600000	46	0.0	0.0	0.0	0.0	0.028653089065956112	11	4	1	0	0
10	1383529200000	39	0.0	0.0	0.0	0.0	3.2906541531131155	11	4	1	0	0
10	1383529800000	0	0.010173990622333493	0.0	0.0	0.0	0.0	11	4	1	0	0
10	1383529800000	39	0.020347981244666986	0.020347981244666986	0.0	0.0	3.165129112086672	11	4	1	0	0
10	1383530400000	39	0.0	0.0	0.0	0.0	3.408366599356314	11	4	2	0	0
10	1383531000000	39	0.0	0.0	0.0	0.0	3.2221346781749363	11	4	2	0	0
10	1383531600000	39	0.010173990622333493	0.0	0.0	0.0	3.044696134391768	11	4	2	0	0
10	1383532200000	39	0.0	0.0	0.0	0.0	3.0674903505391655	11	4	2	0	0
10	1383532800000	39	0.0	0.0	0.0	0.0	2.867433312149068	11	4	2	0	0
10	1383533400000	39	0.06934905155529009	0.020347981244666986	0.0	0.0	3.2690265771618945	11	4	2	0	0
10	1383534000000	39	0.057306178131912223	0.0	0.0	0.020347981244666986	3.248062992328062	11	4	3	0	0
10	1383534600000	39	0.0	0.0	0.0	0.0	2.839208169139004	11	4	3	0	0
10	1383535200000	39	0.028653089065956112	0.028653089065956112	0.0	0.0	3.415579770004322	11	4	3	0	0
10	1383535800000	39	0.028653089065956112	0.0	0.0	0.0	2.967330651066032	11	4	3	0	0
10	1383536400000	39	0.04069596248933397	0.0	0.010173990622333493	0.0	3.0999941597175864	11	4	3	0	0
10	1383537000000	39	0.04069596248933397	0.010173990622333493	0.0	0.0	3.777591081734645	11	4	3	0	0
10	1383537600000	39	0.0	0.0	0.0	0.0	3.2241428309810303	11	4	4	0	0
10	1383538200000	39	0.028653089065956112	0.0	0.0	0.0	2.8485788986389	11	4	4	0	0
10	1383538800000	39	0.020347981244666986	0.020347981244666986	0.057306178131912223	0.0	3.4789205425952603	11	4	4	0	0
10	1383539400000	0	0.010173990622333493	0.0	0.0	0.0	0.0	11	4	4	0	0
10	1383539400000	39	0.014125729252368662	0.0	0.0	0.010173990622333493	3.1876609676779006	11	4	4	0	0
10	1383540000000	0	0.0388270796882896	0.0	0.0	0.0	0.0	11	4	4	0	0
10	1383540000000	39	0.0	0.0	0.014125729252368662	0.07143190738428087	3.4725853360925862	11	4	4	0	0
10	1383540600000	39	0.0388270796882896	0.0388270796882896	0.028653089065956112	0.028653089065956112	3.3507980606682324	11	4	4	0	0
10	1383541200000	0	0.028653089065956112	0.0	0.0	0.0	0.0	11	4	5	0	0
10	1383541200000	39	0.08595926719786832	0.010173990622333493	0.028653089065956112	0.028653089065956112	3.4600882011186416	11	4	5	0	0
10	1383541800000	39	0.06748016875424571	0.028653089065956112	0.010173990622333493	0.17191853439573665	3.4941865965491328	11	4	5	0	0
10	1383542400000	0	0.028653089065956112	0.0	0.0	0.0	0.0	11	4	5	0	0
10	1383542400000	380	0.0	0.0	0.0	0.028653089065956112	0.0	11	4	5	0	0
10	1383542400000	39	0.06748016875424571	0.0878281499989127	0.0	0.010173990622333493	3.737012317216812	11	4	5	0	0
10	1383543000000	380	0.0	0.0	0.0	0.028653089065956112	0.0	11	4	5	0	0
10	1383543000000	39	0.020347981244666986	0.0	0.18209252501807013	0.057306178131912223	4.575122575828943	11	4	5	0	0
10	1383543600000	0	0.057306178131912223	0.0	0.0	0.0	0.0	11	4	5	0	0
10	1383543600000	39	0.23069196476747444	0.2985737640829389	0.08595926719786832	0.057306178131912223	4.873054420828042	11	4	5	0	1
10	1383544200000	0	0.028653089065956112	0.0	0.0	0.0	0.0	11	4	5	0	0
10	1383544200000	1	0.014125729252368662	0.0	0.0	0.0	0.0	11	4	5	0	0
10	1383544200000	39	0.18938039868897527	0.4559649386650882	0.06748016875424571	0.10630724844253532	6.043745956476776	11	4	5	0	1
10	1383544800000	0	0.028653089065956112	0.0	0.0	0.0	0.0	11	4	6	0	0
10	1383544800000	39	0.2466865768208875	0.2288230819664301	0.20203887570151835	0.042778818318324766	6.518989011246799	11	4	6	0	1
10	1383545400000	39	0.16903241744430827	0.26556730582572885	0.1451343281308249	0.04900107031062309	7.101241557064225	11	4	6	0	1
10	1383546000000	0	0.04900107031062309	0.0	0.0	0.0	0.0	11	4	6	0	0
10	1383546000000	39	0.3073025744989956	0.5296673594116321	0.23899707258876354	0.2699206750169829	7.623990314458312	11	4	6	0	1
10	1383546600000	0	0.1164812390648688	0.0	0.0	0.0	0.0	11	4	6	0	0
10	1383546600000	380	0.0	0.0	0.0	0.028653089065956112	0.0	11	4	6	0	0
10	1383546600000	39	0.3656523022759659	0.4453893174815359	0.2165662355151058	0.28759651233816785	6.9525350488310345	11	4	6	0	1
10	1383547200000	0	0.09800214062124618	0.0	0.0	0.0	0.0	11	4	6	0	0
10	1383547200000	39	0.3839174276916421	0.29381876433046616	0.13247585111828186	0.30626326831506284	6.305924496272287	11	4	6	0	1
10	1383547800000	0	0.0776541593765792	0.0	0.0	0.0	0.0	11	4	6	0	0
10	1383547800000	33	0.0	0.0	0.0	0.0	0.028653089065956112	11	4	6	0	0
10	1383547800000	39	0.4763129199097551	0.22238685694618532	0.15055331900068564	0.15926005738319354	6.272355065415262	11	4	6	0	1
10	1383548400000	0	0.2591310808054841	0.0	0.0	0.028653089065956112	0.0	11	4	7	0	0
10	1383548400000	357	0.028653089065956112	0.0	0.0	0.0	0.0	11	4	7	0	0
10	1383548400000	39	0.2699206750169829	0.3272268531488951	0.3903536527118868	0.30626326831506284	6.149962322442486	11	4	7	0	1
10	1383548400000	46	0.0	0.0	0.0	0.0	0.028653089065956112	11	4	7	0	0
10	1383549000000	0	0.23256084756851886	0.0	0.0	0.028653089065956112	0.0	11	4	7	0	0
10	1383549000000	33	0.0	0.0	0.0	0.0	0.028653089065956112	11	4	7	0	0
10	1383549000000	39	0.4285651288110112	0.20430938906378152	0.4048810125254743	0.4836007935806602	7.358659848084649	11	4	7	0	1
10	1383549000000	40	0.0	0.0	0.0	0.028653089065956112	0.0	11	4	7	0	0
10	1383549600000	0	0.1997420468445811	0.0	0.0	0.0	0.0	11	4	7	0	0
10	1383549600000	39	0.8031381424974314	0.2267402261374393	0.310215006945098	0.44370809221376384	6.63237440379342	11	4	7	0	1
10	1383550200000	0	0.5786684297222553	0.0	0.0	0.0	0.0	11	4	7	0	1
10	1383550200000	33	0.0	0.0	0.0	0.0	0.028653089065956112	11	4	7	0	0
10	1383550200000	39	0.4323028944131	0.2242557397472297	0.3652506717147471	0.6374418600939931	7.4988108239331845	11	4	7	0	1
10	1383550200000	40	0.0	0.0	0.0	0.028653089065956112	0.0	11	4	7	0	0
10	1383550800000	0	0.4287791018389576	0.0	0.0	0.0	0.0	11	4	7	0	1
10	1383550800000	33	0.0	0.0	0.0	0.0	0.028653089065956112	11	4	7	0	0
10	1383550800000	39	0.7744850534314753	0.3432214652023081	0.6069198882269926	0.6195783652395356	6.126722331666772	11	4	7	0	1
10	1383550800000	46	0.0	0.0	0.0	0.0	0.028653089065956112	11	4	7	0	0
10	1383551400000	0	0.4229584804078781	0.0	0.0	0.028653089065956112	0.0	11	4	7	0	1
10	1383551400000	39	0.40883275115550943	0.4048810125254743	0.6432624815250726	0.4023965261352647	5.258400849272032	11	4	7	0	1
10	1383552000000	0	0.6729328047414127	0.0	0.0	0.010173990622333493	0.0	11	4	8	0	1
10	1383552000000	32	0.0	0.0	0.0	0.0	0.028653089065956112	11	4	8	0	0
10	1383552000000	33	0.014125729252368662	0.0	0.0	0.0	0.0	11	4	8	0	0
10	1383552000000	355	0.0	0.0	0.0	0.028653089065956112	0.0	11	4	8	0	0
10	1383552000000	39	0.6476158507163265	0.19995601987252756	0.8564925819993084	0.8847440405040458	5.4408950048513205	11	4	8	0	1
10	1383552000000	40	0.0	0.0	0.0	0.057306178131912223	0.0	11	4	8	0	0
10	1383552000000	46	0.0	0.0	0.0	0.0	0.028653089065956112	11	4	8	0	0
10	1383552600000	0	0.4827491449299999	0.0	0.0	0.0	0.0	11	4	8	0	1
10	1383552600000	39	0.5398413500339657	0.5705772949289125	0.7778211884723452	0.9480848130949838	4.963201471717442	11	4	8	0	1
10	1383552600000	7	0.0	0.028653089065956112	0.0	0.0	0.0	11	4	8	0	0
10	1383553200000	0	0.2063922448927723	0.0	0.0	0.0	0.0	11	4	8	0	0
10	1383553200000	39	0.37435904065847375	0.5277984766105878	0.7728522156919261	0.5847030241812812	5.861643295417963	11	4	8	0	1
10	1383553200000	91	0.0	0.0	0.0	0.028653089065956112	0.0	11	4	8	0	0
10	1383553800000	0	0.25787780159360496	0.028653089065956112	0.0	0.0	0.0	11	4	8	0	0
10	1383553800000	20	0.0	0.0	0.0	0.028653089065956112	0.0	11	4	8	0	0
10	1383553800000	39	0.4418392094127195	0.6711123094685911	0.6229145002804056	0.6260145902597805	5.675738301774907	11	4	8	0	1
10	1383553800000	420	0.057306178131912223	0.028653089065956112	0.0	0.0	0.0	11	4	8	0	0
10	1383554400000	0	0.14326544532978056	0.0	0.0	0.0	0.0	11	4	8	0	0
10	1383554400000	20	0.0	0.0	0.0	0.057306178131912223	0.0	11	4	8	0	0
10	1383554400000	39	0.3529938252634228	0.4142254265306961	0.7213182714628705	0.4686234156776312	5.7018627603835546	11	4	8	0	1
10	1383555000000	0	0.3724901578574294	0.0	0.0	0.0	0.0	11	4	8	0	1
10	1383555000000	39	0.4310496152012208	0.5994401135616898	0.600082032645529	0.5462775750542104	5.317024873597976	11	4	8	0	1
10	1383555600000	0	0.2699206750169829	0.0	0.0	0.0	0.0	11	4	9	0	0
10	1383555600000	380	0.0	0.0	0.0	0.057306178131912223	0.0	11	4	9	0	0
10	1383555600000	39	0.6372278870660466	0.2832168276522399	0.5485964759446964	0.8035397730586502	4.917540779908813	11	4	9	0	1
10	1383555600000	7	0.028653089065956112	0.028653089065956112	0.0	0.0	0.0	11	4	9	0	0
10	1383556200000	0	0.3004426468839833	0.0	0.0	0.0	0.0	11	4	9	0	1
10	1383556200000	33	0.0	0.0	0.0	0.0	0.028653089065956112	11	4	9	0	0
10	1383556200000	39	0.5689444571893634	0.3571332214267303	0.6860412998433973	0.7661799456101862	5.499305056149319	11	4	9	0	1
10	1383556200000	49	0.0	0.0	0.010173990622333493	0.0	0.0	11	4	9	0	0
10	1383556800000	0	0.2452193245810619	0.0	0.0	0.0	0.0	11	4	9	0	0
10	1383556800000	32	0.0	0.0	0.0	0.0	0.010173990622333493	11	4	9	0	0
10	1383556800000	39	0.973375451625396	0.2699206750169829	0.5907113031456331	0.7838557829313713	4.904882302896271	11	4	9	0	1
10	1383556800000	49	0.0	0.0	0.0	0.0	0.028653089065956112	11	4	9	0	0
10	1383557400000	0	0.26556730582572885	0.0	0.010173990622333493	0.0	0.0	11	4	9	0	0
10	1383557400000	39	0.6293507253006504	0.3780968062605625	0.7944314041149235	0.6233161308416244	6.104880782687606	11	4	9	0	1
10	1383557400000	44	0.0	0.0	0.010173990622333493	0.0	0.0	11	4	9	0	0
10	1383558000000	0	0.2350453339587284	0.0	0.0	0.0	0.0	11	4	9	0	0
10	1383558000000	380	0.0	0.0	0.0	0.028653089065956112	0.0	11	4	9	0	0
10	1383558000000	39	0.6189627616503705	0.18978202925019405	0.8210016373518888	0.692879155424861	6.825365234072239	11	4	9	0	1
10	1383558000000	40	0.0	0.0	0.0	0.028653089065956112	0.0	11	4	9	0	0
10	1383558000000	44	0.0	0.0	0.010173990622333493	0.0	0.0	11	4	9	0	0
10	1383558000000	46	0.0	0.0	0.0	0.0	0.028653089065956112	11	4	9	0	0
10	1383558000000	49	0.0	0.0	0.028653089065956112	0.0	0.0	11	4	9	0	0
10	1383558600000	0	0.26556730582572885	0.0	0.0	0.0	0.0	11	4	9	0	0
10	1383558600000	33	0.0	0.010173990622333493	0.028653089065956112	0.0	0.0	11	4	9	0	0
10	1383558600000	39	0.44082197526233546	0.2431364687520711	0.4649340376037653	0.4879541627719142	5.468879859338763	11	4	9	0	1
10	1383558600000	49	0.0	0.0	0.0	0.0	0.028653089065956112	11	4	9	0	0
10	1383559200000	0	0.3355319609701842	0.0	0.0	0.0	0.0	11	4	10	0	1
10	1383559200000	39	0.4163082823596869	0.6667105527491144	0.7396097123732209	0.6276695000328784	7.300555657852912	11	4	10	0	1
10	1383559200000	48	0.028653089065956112	0.028653089065956112	0.0	0.0	0.0	11	4	10	0	0
10	1383559800000	0	0.3758262928982994	0.028653089065956112	0.0	0.0	0.0	11	4	10	0	1
10	1383559800000	39	0.6642260663589048	0.2470882073821063	0.5039487748253273	0.7288201181617221	5.303799180524491	11	4	10	0	1
10	1383559800000	48	0.057306178131912223	0.0	0.0	0.0	0.0	11	4	10	0	0
10	1383560400000	0	0.2612139366344749	0.0	0.0	0.0	0.0	11	4	10	0	0
10	1383560400000	39	0.27574129644806233	0.18978202925019405	0.5718305741407916	0.8068759080995201	5.594758143398202	11	4	10	0	1
10	1383560400000	971	0.0	0.0	0.010173990622333493	0.0	0.0	11	4	10	0	0
10	1383561000000	0	0.28009466563931634	0.0	0.0	0.0	0.0	11	4	10	0	0
10	1383561000000	39	0.5597877007174139	0.30874775470527244	0.6131421402192909	0.7431598204420373	6.123438033224678	11	4	10	0	1
10	1383561600000	0	0.2063922448927723	0.0	0.0	0.0	0.0	11	4	10	0	0
10	1383561600000	39	0.4426908580633798	0.2572621980044397	0.6029681495969574	0.5056300000930993	6.919627809139335	11	4	10	0	1
10	1383562200000	0	0.2209196047063597	0.0	0.0	0.0	0.0	11	4	10	0	0
10	1383562200000	380	0.0	0.0	0.0	0.028653089065956112	0.0	11	4	10	0	0
10	1383562200000	39	0.4210895976068337	0.1937337678802292	0.7103410197180995	0.5699616913397474	5.1176055108305905	11	4	10	0	1
10	1383562800000	0	0.2470882073821063	0.0	0.0	0.014125729252368662	0.0	11	4	11	0	0
10	1383562800000	355	0.0	0.0	0.0	0.028653089065956112	0.0	11	4	11	0	0
10	1383562800000	39	0.3457059515925177	0.2597466843946493	0.6954120293432933	0.5612549529572395	6.283051333640867	11	4	11	0	1
10	1383562800000	40	0.0	0.0	0.0	0.028653089065956112	0.0	11	4	11	0	0
10	1383562800000	46	0.0	0.0	0.0	0.0	0.08595926719786832	11	4	11	0	0
10	1383563400000	0	0.19226651564040365	0.0	0.014125729252368662	0.0	0.0	11	4	11	0	0
10	1383563400000	39	0.601099266795913	0.2902686562616498	0.6960276329324585	0.4327308404689928	6.003903442590164	11	4	11	0	1
10	1383563400000	44	0.0	0.0	0.028653089065956112	0.0	0.0	11	4	11	0	0
10	1383563400000	46	0.0	0.0	0.0	0.0	0.028653089065956112	11	4	11	0	0
10	1383563400000	49	0.0	0.0	0.0	0.028653089065956112	0.0	11	4	11	0	0
10	1383564000000	0	0.010173990622333493	0.0	0.0	0.0	0.0	11	4	11	0	0
10	1383564000000	39	0.5253139902203783	0.2840464042693515	0.3382524924218889	0.4665889473768632	5.579443701916108	11	4	11	0	1
10	1383564600000	0	0.1368292203095358	0.0	0.0	0.0	0.0	11	4	11	0	0
10	1383564600000	39	0.35921607725572113	0.22238685694618532	0.4981281533942477	0.5844890511533348	5.418213743214297	11	4	11	0	1
10	1383565200000	0	0.2369142167597728	0.0	0.010173990622333493	0.028653089065956112	0.0	11	4	11	0	0
10	1383565200000	39	0.5967458976046591	0.27761017924910675	0.5452603409038264	0.4613839295349489	5.547454477809281	11	4	11	0	1
10	1383565800000	0	0.4374858402214655	0.0	0.0	0.0	0.0	11	4	11	0	1
10	1383565800000	39	0.7807073054237736	0.498743756983413	0.5859563033931603	0.7163756141771255	6.291887849544686	11	4	11	0	1
10	1383566400000	0	0.4316652187903859	0.0	0.0	0.010173990622333493	0.0	11	4	12	0	1
10	1383566400000	39	0.6559209585376157	0.5799480244288084	0.5571155567939319	0.669832714762038	5.4885638494660425	11	4	12	0	1
10	1383567000000	0	0.20244050626273716	0.0	0.0	0.0	0.0	11	4	12	0	0
10	1383567000000	39	0.5354879808427118	0.4182034806554054	0.5842750781253884	0.8212156103798353	5.837208548999336	11	4	12	0	1
10	1383567600000	0	0.15343943595211404	0.020347981244666986	0.0	0.0	0.0	11	4	12	0	0
10	1383567600000	380	0.0	0.0	0.0	0.028653089065956112	0.0	11	4	12	0	0
10	1383567600000	39	0.8423668527469398	0.5456619714650452	0.29360479130251976	0.5253139902203783	5.384932988408114	11	4	12	0	1
10	1383568200000	0	0.24957269377231586	0.020347981244666986	0.0	0.0	0.0	11	4	12	0	0
10	1383568200000	39	0.8934507788865537	0.5215762246182895	0.6287351217114852	0.4966609011544221	6.075135756448368	11	4	12	0	1
10	1383568800000	0	0.19413539844144806	0.0	0.0	0.03052197186700048	0.0	11	4	12	0	0
10	1383568800000	39	0.7582764683501159	0.5330034944525022	0.4879541627719142	0.537356863643756	5.837605936099432	11	4	12	0	1
10	1383569400000	0	0.1164812390648688	0.028653089065956112	0.0	0.028653089065956112	0.0	11	4	12	0	0
10	1383569400000	30	0.028653089065956112	0.0	0.028653089065956112	0.0	0.0	11	4	12	0	0
10	1383569400000	39	0.6040337712755641	0.2840464042693515	0.6468125895938891	0.3982571299719572	5.699951382633908	11	4	12	0	1
10	1383570000000	0	0.2350453339587284	0.028653089065956112	0.0	0.0	0.0	11	4	13	0	0
10	1383570000000	30	0.028653089065956112	0.0	0.08595926719786832	0.0	0.0	11	4	13	0	0
10	1383570000000	355	0.028653089065956112	0.0	0.0	0.0	0.0	11	4	13	0	0
10	1383570000000	39	0.9829338386585642	0.4354029843924747	0.5780528261330901	0.488355793333133	5.765322380064489	11	4	13	0	1
10	1383570600000	0	0.13060696831723748	0.0	0.010173990622333493	0.010173990622333493	0.0	11	4	13	0	0
10	1383570600000	355	0.0	0.0	0.0	0.028653089065956112	0.0	11	4	13	0	0
10	1383570600000	39	0.8542220686370453	0.4270978765711856	0.6353590042650022	0.6498863640785897	5.309357441399402	11	4	13	0	1
10	1383571200000	0	0.2292247125276489	0.028653089065956112	0.0	0.0	0.0	11	4	13	0	0
10	1383571200000	33	0.0	0.0	0.0	0.0	0.028653089065956112	11	4	13	0	0
10	1383571200000	355	0.028653089065956112	0.0	0.0	0.0	0.0	11	4	13	0	0
10	1383571200000	39	0.4208756245788873	0.3947070219031408	0.6015492848853546	0.6231284733083521	5.617087961954288	11	4	13	0	1
10	1383571200000	49	0.028653089065956112	0.057306178131912223	0.0	0.0	0.0	11	4	13	0	0
10	1383571800000	0	0.2329624781297376	0.08595926719786832	0.0	0.010173990622333493	0.0	11	4	13	0	1
10	1383571800000	370	0.057306178131912223	0.028653089065956112	0.0	0.0	0.0	11	4	13	0	0
10	1383571800000	39	0.6094043746172022	0.2126144968850706	0.5311346116514577	0.5288640982891946	5.8996025470016615	11	4	13	0	1
10	1383571800000	40	0.0	0.0	0.0	0.028653089065956112	0.0	11	4	13	0	0
10	1383572400000	0	0.05086995311166747	0.0	0.0	0.0	0.0	11	4	13	0	0
10	1383572400000	39	0.907362535110976	0.3486404560721689	0.526379611898985	0.5510809623349059	6.329913468062598	11	4	13	0	1
10	1383573000000	0	0.2883997734606054	0.0	0.0	0.0	0.0	11	4	13	0	0
10	1383573000000	34	0.057306178131912223	0.0	0.0	0.0	0.0	11	4	13	0	0
10	1383573000000	39	1.0180715402729879	0.2674361886267733	0.5087037745777999	0.8286911415840126	6.024990117975116	11	4	13	0	1
10	1383573000000	40	0.0	0.0	0.0	0.028653089065956112	0.0	11	4	13	0	0
10	1383573600000	0	0.1451343281308249	0.0	0.0	0.0	0.0	11	4	14	0	0
10	1383573600000	39	0.5417102328350101	0.27761017924910675	0.5305190080622926	0.5305190080622926	7.058016964117584	11	4	14	0	1
10	1383573600000	46	0.0	0.0	0.0	0.0	0.028653089065956112	11	4	14	0	0
10	1383574200000	0	0.09177988862894787	0.0	0.0	0.014125729252368662	0.0	11	4	14	0	0
10	1383574200000	39	0.6055010235153898	0.3606833294955467	0.5105726573788444	0.8114432503187206	10.3132053316829	11	4	14	0	1
10	1383574200000	855	0.0	0.0	0.028653089065956112	0.0	0.0	11	4	14	0	0
10	1383574800000	0	0.1368292203095358	0.0	0.0	0.014125729252368662	0.0	11	4	14	0	0
10	1383574800000	39	0.8965729408994771	0.37459508571996897	0.2769945756599415	0.4329184980022652	7.761650911337018	11	4	14	0	1
10	1383574800000	40	0.028653089065956112	0.0	0.0	0.010173990622333493	0.0	11	4	14	0	0
10	1383575400000	0	0.18978202925019405	0.0	0.0	0.0	0.0	11	4	14	0	0
10	1383575400000	380	0.0	0.0	0.0	0.028653089065956112	0.0	11	4	14	0	0
10	1383575400000	39	0.6766705703435014	0.3845330312808073	0.7005686596569848	0.5595737276894674	7.612028187471014	11	4	14	0	1
10	1383575400000	48	0.028653089065956112	0.0	0.0	0.0	0.0	11	4	14	0	0
10	1383576000000	0	0.13891207613852655	0.0	0.0	0.0	0.0	11	4	14	0	0
10	1383576000000	39	0.5876375286609323	0.3820485448905977	0.4807146766292318	0.6849756781647907	6.632535745832017	11	4	14	0	1
10	1383576600000	0	0.3106166375063168	0.0	0.0	0.028653089065956112	0.0	11	4	14	0	1
10	1383576600000	39	0.3507233119011597	0.30150826856259016	0.720515010340433	0.7128255061083091	7.671607322474254	11	4	14	0	1
10	1383577200000	0	0.3004426468839833	0.0	0.0	0.0	0.0	11	4	15	0	1
10	1383577200000	380	0.0	0.0	0.0	0.028653089065956112	0.0	11	4	15	0	0
10	1383577200000	39	0.5805373125232997	0.271173954228862	0.6472142201551078	0.4300323810508368	6.948278454696228	11	4	15	0	1
10	1383577200000	48	0.028653089065956112	0.0	0.0	0.0	0.0	11	4	15	0	0
10	1383577800000	0	0.2344297303695632	0.0	0.0	0.0	0.0	11	4	15	0	0
10	1383577800000	33	0.0	0.0	0.010173990622333493	0.0	0.028653089065956112	11	4	15	0	0
10	1383577800000	39	0.6069198882269926	0.2985737640829389	0.7568576036385131	1.0413056384690833	8.251601290922222	11	4	15	0	1
10	1383578400000	0	0.289867025700431	0.0	0.0	0.0	0.0	11	4	15	0	0
10	1383578400000	39	0.6885257862336069	0.18169089445685133	0.7408629915850999	1.0973585373891164	7.932544519050692	11	4	15	0	1
10	1383579000000	0	0.4005276433342203	0.0	0.010173990622333493	0.0	0.0	11	4	15	0	1
10	1383579000000	30	0.028653089065956112	0.0	0.0	0.0	0.0	11	4	15	0	0
10	1383579000000	33	0.0	0.0	0.0	0.0	0.028653089065956112	11	4	15	0	0
10	1383579000000	39	0.6177578699667141	0.2487694326498783	0.9376968494447041	1.037166242305776	7.394903222817218	11	4	15	0	1
10	1383579600000	0	0.2126144968850706	0.0	0.0	0.057306178131912223	0.0	11	4	15	0	0
10	1383579600000	39	0.3744074281866966	0.25872945024426536	0.7165632717103978	0.6955996868765657	6.643791537586888	11	4	15	0	1
10	1383580200000	0	0.1835597772578957	0.0	0.0	0.0	0.0	11	4	15	0	0
10	1383580200000	39	0.6496987065453174	0.4451753444535895	0.678137822583327	0.5899080420231955	7.1950601574550666	11	4	15	0	1
10	1383580200000	41	0.0	0.0	0.0	0.028653089065956112	0.0	11	4	15	0	0
10	1383580800000	0	0.28799814289938663	0.0	0.0	0.0	0.0	11	4	16	0	0
10	1383580800000	39	0.8089324484338368	0.3893364185615028	0.6933291735143026	0.7728522156919261	8.318155108002912	11	4	16	0	1
10	1383581400000	0	0.2572621980044397	0.0	0.0	0.0	0.0	11	4	16	0	0
10	1383581400000	39	0.8689854735121278	0.5946630417756683	0.7942174310869771	0.8467686094664165	8.148420447953736	11	4	16	0	1
10	1383582000000	0	0.13207422055706305	0.0	0.0	0.0	0.0	11	4	16	0	0
10	1383582000000	39	0.7323439107358645	0.3922225355129312	0.8345117630150922	0.9127815259808368	8.286995460513197	11	4	16	0	1
10	1383582000000	880	0.0	0.0	0.0	0.028653089065956112	0.0	11	4	16	0	0
10	1383582600000	0	0.21074561408402626	0.057306178131912223	0.0	0.028653089065956112	0.0	11	4	16	0	0
10	1383582600000	355	0.0	0.0	0.0	0.028653089065956112	0.0	11	4	16	0	0
10	1383582600000	39	0.6864429304046161	0.3284801323607742	0.5979991768165382	0.9786288569955329	8.16227188065713	11	4	16	0	1
10	1383583200000	0	0.10817613124357968	0.0	0.0	0.0	0.0	11	4	16	0	0
10	1383583200000	33	0.0	0.0	0.0	0.028653089065956112	0.0	11	4	16	0	0
10	1383583200000	380	0.0	0.0	0.0	0.028653089065956112	0.0	11	4	16	0	0
10	1383583200000	39	0.7153099924985187	0.30647724134300924	0.7514386127686523	1.1559443102275817	8.661356150290164	11	4	16	0	1
10	1383583800000	33	0.0	0.0	0.028653089065956112	0.0	0.0	11	4	16	0	0
10	1383583800000	39	0.3675211850770103	0.1451343281308249	0.7427318743861444	0.9883528295284252	7.2937584972679925	11	4	16	0	1
10	1383584400000	0	0.1879131464491497	0.028653089065956112	0.0	0.0	0.0	11	4	17	0	0
10	1383584400000	380	0.0	0.0	0.0	0.028653089065956112	0.0	11	4	17	0	0
10	1383584400000	39	0.7404613610238813	0.2039077585025627	0.8511219786576705	1.0765826100885565	7.764202408218447	11	4	17	0	1
10	1383584400000	41	0.0	0.0	0.010173990622333493	0.0	0.0	11	4	17	0	0
10	1383585000000	0	0.0388270796882896	0.0	0.010173990622333493	0.0	0.0	11	4	17	0	0
10	1383585000000	1	0.028653089065956112	0.0	0.0	0.0	0.0	11	4	17	0	0
10	1383585000000	39	0.6370402295327743	0.22030400111719453	0.9015419136798964	0.8087447909005645	8.063676208480269	11	4	17	0	1
10	1383585600000	0	0.0776541593765792	0.0	0.0	0.0	0.0	11	4	17	0	0
10	1383585600000	33	0.010173990622333493	0.0	0.0	0.0	0.0	11	4	17	0	0
10	1383585600000	39	0.41235654372965175	0.3799656890616069	0.922339913014005	0.9866716042606529	8.855832855771803	11	4	17	0	1
10	1383585600000	420	0.0	0.08595926719786832	0.0	0.0	0.0	11	4	17	0	0
10	1383586200000	0	0.27822578283827193	0.0	0.0	0.0	0.0	11	4	17	0	0
10	1383586200000	20	0.0	0.0	0.0	0.028653089065956112	0.0	11	4	17	0	0
10	1383586200000	39	0.4578338214661325	0.3004426468839833	0.7803056748625549	0.5979991768165382	9.284252821998146	11	4	17	0	1
10	1383586200000	420	0.0	0.057306178131912223	0.0	0.0	0.0	11	4	17	0	0
10	1383586200000	46	0.0	0.0	0.0	0.0	0.028653089065956112	11	4	17	0	0
10	1383586200000	49	0.0	0.0	0.0	0.0	0.028653089065956112	11	4	17	0	0
10	1383586800000	0	0.1860442636481053	0.0	0.0	0.0	0.0	11	4	17	0	0
10	1383586800000	39	0.5363396294933721	0.21843511831615015	0.7885844671891699	0.7938158005257583	8.343595152579116	11	4	17	0	1
10	1383587400000	0	0.10630724844253532	0.0	0.0	0.0	0.0	11	4	17	0	0
10	1383587400000	20	0.0	0.0	0.0	0.010173990622333493	0.0	11	4	17	0	0
10	1383587400000	39	0.7090614250115463	0.2913342779402567	1.037755530400267	0.7059876505268455	10.544453732913569	11	4	17	0	1
10	1383587400000	420	0.0	0.028653089065956112	0.0	0.0	0.0	11	4	17	0	0
10	1383588000000	0	0.2902686562616498	0.0	0.0	0.0	0.0	11	4	18	0	0
10	1383588000000	33	0.010173990622333493	0.010173990622333493	0.0	0.0	0.0	11	4	18	0	0
10	1383588000000	380	0.0	0.0	0.0	0.028653089065956112	0.0	11	4	18	0	0
10	1383588000000	39	0.5382085122944165	0.4707283435401707	0.8841284369148806	0.908026526228364	9.53275565063073	11	4	18	0	1
10	1383588600000	0	0.2921375390626942	0.0	0.0	0.0	0.0	11	4	18	0	0
10	1383588600000	355	0.0	0.0	0.057306178131912223	0.0	0.0	11	4	18	0	0
10	1383588600000	380	0.0	0.0	0.0	0.028653089065956112	0.0	11	4	18	0	0
10	1383588600000	39	0.9335311377867224	0.3617005636459307	0.7385661627281628	0.6557069855096693	10.43306211367117	11	4	18	0	1
10	1383589200000	0	0.3903536527118868	0.0	0.0	0.0	0.0	11	4	18	0	1
10	1383589200000	355	0.0	0.0	0.0	0.028653089065956112	0.0	11	4	18	0	0
10	1383589200000	39	0.5865719069823256	0.4287791018389576	0.7045203982870201	0.5844890511533348	8.418377574506138	11	4	18	0	1
10	1383589800000	0	0.22030400111719453	0.0	0.0	0.028653089065956112	0.0	11	4	18	0	0
10	1383589800000	39	0.7647126933703606	0.4451753444535895	0.6617415799686952	0.7495697299676078	7.364215665450494	11	4	18	0	1
10	1383589800000	46	0.0	0.0	0.0	0.0	0.028653089065956112	11	4	18	0	0
10	1383589800000	49	0.0	0.0	0.0	0.0	0.028653089065956112	11	4	18	0	0
10	1383590400000	0	0.3262096189985111	0.0	0.0	0.0	0.0	11	4	18	0	1
10	1383590400000	39	0.5346584042256001	0.27552732342011604	0.3897380491227216	0.6824911917745811	6.7927383343426975	11	4	18	0	1
10	1383590400000	41	0.010173990622333493	0.0	0.0	0.0	0.0	11	4	18	0	0
10	1383591000000	0	0.2082611276938167	0.0	0.0	0.06748016875424571	0.0	11	4	18	0	0
10	1383591000000	39	0.37374343706930857	0.4640560734584308	0.6233161308416244	0.6214472480405799	7.849125818302935	11	4	18	0	1
10	1383591000000	41	0.0	0.0	0.010173990622333493	0.010173990622333493	0.0	11	4	18	0	0
10	1383591600000	0	0.12230186049594835	0.0	0.0	0.0	0.0	11	4	19	0	0
10	1383591600000	39	0.4530788217136598	0.2286091089384837	0.5988287534336498	0.450995965884669	8.112658655827898	11	4	19	0	1
10	1383591600000	41	0.0	0.0	0.010173990622333493	0.0	0.0	11	4	19	0	0
10	1383592200000	0	0.13247585111828186	0.0	0.0	0.010173990622333493	0.0	11	4	19	0	0
10	1383592200000	39	0.2442020904306779	0.2796930350780975	0.4640560734584308	0.44765983084379907	8.515798119564572	11	4	19	0	1
10	1383592800000	0	0.3272268531488951	0.0	0.0	0.028653089065956112	0.0	11	4	19	0	1
10	1383592800000	39	0.678137822583327	0.4372718671935191	0.4800506855118439	0.4923075319631682	8.859604629400243	11	4	19	0	1
10	1383592800000	40	0.0	0.0	0.0	0.08595926719786832	0.0	11	4	19	0	0
10	1383593400000	0	0.08742651943769393	0.0	0.0	0.057306178131912223	0.0	11	4	19	0	0
10	1383593400000	20	0.0	0.0	0.0	0.028653089065956112	0.0	11	4	19	0	0
10	1383593400000	39	1.0842721143206804	0.549399737067134	0.4719595507185012	0.36295384285780985	9.291784433262226	11	4	19	0	1
10	1383594000000	0	0.0	0.08595926719786832	0.0	0.0	0.0	11	4	19	0	0
10	1383594000000	39	0.3922225355129312	0.3432214652023081	0.2717895578180272	0.21843511831615015	9.188748752878409	11	4	19	0	1
10	1383594000000	46	0.0	0.0	0.0	0.0	0.028653089065956112	11	4	19	0	0
10	1383594600000	0	0.09800214062124618	0.057306178131912223	0.0	0.0388270796882896	0.0	11	4	19	0	0
10	1383594600000	355	0.0	0.0	0.0	0.028653089065956112	0.0	11	4	19	0	0
10	1383594600000	39	0.6004836632067478	0.4806662891010091	0.5354879808427118	0.5435791156360543	8.932215112973507	11	4	19	0	1
10	1383595200000	0	0.1573911745821492	0.0	0.0	0.0	0.0	11	4	20	0	0
10	1383595200000	33	0.0	0.03052197186700048	0.0	0.0	0.0	11	4	20	0	0
10	1383595200000	39	1.2584874775733543	0.4472582002825802	0.3023115296850277	0.2506383154509227	9.44218999533561	11	4	20	0	1
10	1383595200000	46	0.0	0.0	0.0	0.0	0.028653089065956112	11	4	20	0	0
10	1383595800000	0	0.06934905155529009	0.010173990622333493	0.010173990622333493	0.0	0.0	11	4	20	0	0
10	1383595800000	39	0.5660099527097122	0.4846180277310443	0.3166512319653428	0.4252289937701412	9.7268783186888	11	4	20	0	1
10	1383596400000	0	0.05917506093295659	0.0	0.0	0.0	0.0	11	4	20	0	0
10	1383596400000	39	0.5967458976046591	0.5583204484775883	0.2981721335217202	0.3000410163227645	8.687621528022357	11	4	20	0	1
10	1383597000000	0	0.10630724844253532	0.0	0.0	0.0	0.0	11	4	20	0	0
10	1383597000000	39	0.4945780453254313	0.689543020383991	0.16112894018423793	0.2533104593744046	8.894891737060464	11	4	20	0	1
10	1383597600000	0	0.03842544912707082	0.0	0.0	0.0	0.0	11	4	20	0	0
10	1383597600000	39	0.44082197526233546	0.355264338625686	0.10817613124357968	0.09800214062124618	7.979785417609521	11	4	20	0	1
10	1383597600000	421	0.0	0.0	0.010173990622333493	0.0	0.0	11	4	20	0	0
10	1383597600000	44	0.020347981244666986	0.020347981244666986	0.0	0.0	0.0	11	4	20	0	0
10	1383598200000	0	0.04069596248933397	0.0	0.0	0.0	0.0	11	4	20	0	0
10	1383598200000	39	0.5456619714650452	0.28383243124140506	0.19413539844144806	0.15095494956190447	8.248715173970794	11	4	20	0	1
10	1383598200000	421	0.010173990622333493	0.024299719874702155	0.0	0.0	0.0	11	4	20	0	0
10	1383598200000	44	0.010173990622333493	0.010173990622333493	0.0	0.0	0.0	11	4	20	0	0
10	1383598800000	0	0.0878281499989127	0.0	0.0	0.0	0.0	11	4	21	0	0
10	1383598800000	39	0.9804756677630287	0.7728038281637033	0.1654823093754919	0.1777391558268162	7.694185122084643	11	4	21	0	1
10	1383599400000	0	0.0388270796882896	0.0	0.0	0.0	0.0	11	4	21	0	0
10	1383599400000	39	0.5888424203445888	0.7067909116492831	0.0878281499989127	0.1164812390648688	7.900460169005914	11	4	21	0	1
10	1383599400000	46	0.0	0.0	0.0	0.0	0.028653089065956112	11	4	21	0	0
10	1383600000000	0	0.0878281499989127	0.0	0.0	0.0	0.0	11	4	21	0	0
10	1383600000000	39	0.6785394531445458	0.4576198484381861	0.05917506093295659	0.1164812390648688	6.77761319951237	11	4	21	0	1
10	1383600000000	421	0.010173990622333493	0.0	0.0	0.0	0.0	11	4	21	0	0
10	1383600000000	46	0.0	0.0	0.0	0.0	0.028653089065956112	11	4	21	0	0
10	1383600600000	0	0.04069596248933397	0.0	0.0	0.0	0.0	11	4	21	0	0
10	1383600600000	39	0.6067059151990462	0.6498863640785897	0.05917506093295659	0.09800214062124618	8.833829964754036	11	4	21	0	1
10	1383601200000	0	0.0878281499989127	0.028653089065956112	0.0	0.0	0.0	11	4	21	0	0
10	1383601200000	39	0.5952786453648334	0.4659249562594752	0.05917506093295659	0.14078095893957096	8.36040316179571	11	4	21	0	1
10	1383601200000	421	0.0	0.010173990622333493	0.0	0.0	0.0	11	4	21	0	0
10	1383601200000	46	0.0	0.0	0.0	0.0	0.028653089065956112	11	4	21	0	0
10	1383601800000	0	0.0388270796882896	0.0	0.0	0.0	0.0	11	4	21	0	0
10	1383601800000	39	0.5801356819620809	0.5311346116514577	0.08160589800661437	0.04900107031062309	7.826582026718903	11	4	21	0	1
10	1383602400000	0	0.0388270796882896	0.0	0.0	0.0	0.0	11	4	22	0	0
10	1383602400000	39	0.2977441874658273	0.35069699640648555	0.10382276205232573	0.0388270796882896	7.7882839116040765	11	4	22	0	1
10	1383603000000	0	0.03052197186700048	0.0	0.0	0.0	0.0	11	4	22	0	0
10	1383603000000	39	0.6359746078541675	0.6824911917745811	0.09613325782020182	0.010173990622333493	7.309866063831782	11	4	22	0	1
10	1383603600000	39	0.3156339978149588	0.3403353482508797	0.07330079018532525	0.054821691741702636	7.2848114703628655	11	4	22	0	1
10	1383604200000	0	0.010173990622333493	0.0	0.0	0.0	0.0	11	4	22	0	0
10	1383604200000	39	0.5712149705516265	0.4327308404689928	0.0388270796882896	0.0388270796882896	6.398652808608342	11	4	22	0	1
10	1383604200000	46	0.0	0.0	0.0	0.0	0.028653089065956112	11	4	22	0	0
10	1383604800000	39	0.269519044455764	0.2257229919870553	0.09987102342229057	0.03447371049703565	6.944803049650308	11	4	22	0	1
10	1383605400000	0	0.014125729252368662	0.0	0.0	0.010173990622333493	0.0	11	4	22	0	0
10	1383605400000	39	0.1098573565113517	0.07143190738428087	0.05295280894065826	0.07725252881536042	5.5620217382288395	11	4	22	0	1
100	1383519600000	0	0.004229945055975968	0.0	0.0	0.040774254828337166	0.0	11	3	23	6	0
100	1383519600000	39	0.282041479600605	0.6065463661284247	0.07985935755779676	0.08154850965667433	15.988528428092849	11	3	23	6	2
100	1383520200000	39	0.36021168505952417	0.07985935755779676	0.1614078672144711	0.0	10.666901661856665	11	3	23	6	1
100	1383520800000	39	0.12232276448501148	0.23957807267339026	0.1614078672144711	0.07985935755779676	22.771506364208946	11	3	23	6	2
100	1383521400000	0	0.04500419988431313	0.0	0.0	0.0	0.0	11	3	23	6	0
100	1383521400000	39	0.08154850965667433	0.0	0.08154850965667433	0.15971871511559352	14.10929979733631	11	3	23	6	1
100	1383522000000	0	0.07985935755779676	0.040774254828337166	0.0	0.0	0.0	11	3	23	6	0
100	1383522000000	33	0.0	0.0	0.0	0.0	0.40098593988786135	11	3	23	6	0
100	1383522000000	39	0.24126722477226786	0.08154850965667433	0.28035232750172745	0.15971871511559352	12.068663299365301	11	3	23	6	1
100	1383522600000	39	0.040774254828337166	0.0	0.040774254828337166	0.0	10.30500082469826	11	3	23	6	0
100	1383523200000	39	0.08154850965667433	0.20049296994393068	0.0	0.07985935755779676	10.904790582431175	11	4	0	0	1
100	1383523800000	0	0.08154850965667433	0.0	0.0	0.0	0.0	11	4	0	0	0
100	1383523800000	39	0.23957807267339026	0.0	0.07985935755779676	0.08154850965667433	10.301622520500503	11	4	0	0	1
100	1383523800000	41	0.0	0.0	0.0	0.07985935755779676	0.0	11	4	0	0	0
100	1383524400000	39	0.12063361238613393	0.0	0.0	0.0	6.422531646601293	11	4	0	0	0
100	1383525000000	39	0.040774254828337166	0.0	0.0	0.07985935755779676	11.618457344154713	11	4	0	0	0
100	1383525600000	0	0.040774254828337166	0.0	0.0	0.0	0.0	11	4	0	0	0
100	1383525600000	39	0.0	0.0	0.0	0.040774254828337166	5.022459161191532	11	4	0	0	0
100	1383526200000	39	0.0	0.0	0.040774254828337166	0.07985935755779676	6.801324004748468	11	4	0	0	0
100	1383526800000	39	0.0	0.0	0.0	0.040774254828337166	4.655490867736497	11	4	1	0	0
100	1383527400000	39	0.040774254828337166	0.0	0.040774254828337166	0.0	6.247375958140523	11	4	1	0	0
100	1383528000000	39	0.040774254828337166	0.0	0.0	0.07985935755779676	5.669779782148295	11	4	1	0	0
100	1383528600000	39	0.0	0.08154850965667433	0.0	0.0	4.7811919364192645	11	4	1	0	0
100	1383529200000	39	0.040774254828337166	0.0	0.0	0.07985935755779676	5.1804887242082485	11	4	1	0	0
100	1383529800000	39	0.0	0.0	0.07985935755779676	0.07985935755779676	5.183867028406003	11	4	1	0	0
100	1383530400000	39	0.0	0.0	0.0	0.0	6.4326665591945575	11	4	2	0	0
100	1383531000000	39	0.040774254828337166	0.040774254828337166	0.0	0.0	5.059855111822113	11	4	2	0	0
100	1383531600000	39	0.0	0.0	0.0	0.0	5.540700409267774	11	4	2	0	0
100	1383532200000	39	0.15971871511559352	0.0	0.040774254828337166	0.08154850965667433	7.0664739633602975	11	4	2	0	0
100	1383532800000	39	0.31943743023118704	0.0	0.0	0.07985935755779676	4.703021730960344	11	4	2	0	1
100	1383533400000	353	0.0	0.040774254828337166	0.0	0.0	0.0	11	4	2	0	0
100	1383533400000	39	0.0	0.0	0.040774254828337166	0.040774254828337166	6.704573126201897	11	4	2	0	0
100	1383534000000	39	0.0	0.0	0.0	0.040774254828337166	6.655353110879172	11	4	3	0	0
100	1383534600000	39	0.0	0.0	0.040774254828337166	0.040774254828337166	9.737539561299297	11	4	3	0	0
100	1383535200000	0	0.040774254828337166	0.0	0.0	0.0	0.0	11	4	3	0	0
100	1383535200000	39	0.0	0.0	0.0	0.0	7.584480606981264	11	4	3	0	0
100	1383535800000	0	0.1673269643693246	0.0	0.0	0.0	0.0	11	4	3	0	0
100	1383535800000	39	0.0	0.0	0.0	0.0	5.2637263859638	11	4	3	0	0
100	1383536400000	39	0.0	0.0	0.0	0.07985935755779676	5.683292998939315	11	4	3	0	0
100	1383537000000	39	0.0	0.0	0.0	0.040774254828337166	6.235551893448381	11	4	3	0	0
100	1383537600000	39	0.0	0.040774254828337166	0.0	0.0	5.348653199818228	11	4	4	0	0
100	1383538200000	39	0.0	0.0	0.12232276448501148	0.040774254828337166	5.798859155028817	11	4	4	0	0
100	1383538800000	0	0.040774254828337166	0.0	0.0	0.0	0.0	11	4	4	0	0
100	1383538800000	39	0.0	0.0	0.0	0.12232276448501148	6.770684662513398	11	4	4	0	0
100	1383539400000	39	0.0	0.04500419988431313	0.0	0.040774254828337166	6.957664415666307	11	4	4	0	0
100	1383540000000	0	0.07985935755779676	0.0	0.0	0.0	0.0	11	4	4	0	0
100	1383540000000	39	0.0	0.0	0.040774254828337166	0.2837306316994825	8.170757147923156	11	4	4	0	1
100	1383540600000	39	0.24126722477226786	0.12063361238613393	0.20218212204280825	0.040774254828337166	6.799634852649591	11	4	4	0	1
100	1383541200000	39	0.040774254828337166	0.0	0.08154850965667433	0.08154850965667433	7.883648212025919	11	4	5	0	0
100	1383541200000	46	0.0	0.0	0.0	0.0	0.040774254828337166	11	4	5	0	0
100	1383541800000	0	0.1614078672144711	0.0	0.0	0.0	0.0	11	4	5	0	0
100	1383541800000	33	0.0	0.0	0.0	0.0	0.004229945055975968	11	4	5	0	0
100	1383541800000	39	0.040774254828337166	0.040774254828337166	0.20810121919766172	0.040774254828337166	10.785611517688643	11	4	5	0	1
100	1383541800000	49	0.0	0.0	0.0	0.0	0.040774254828337166	11	4	5	0	0
100	1383542400000	0	0.09000839976862626	0.0	0.0	0.0	0.0	11	4	5	0	0
100	1383542400000	39	0.07985935755779676	0.040774254828337166	0.08577845471265029	0.08154850965667433	9.078160271195117	11	4	5	0	0
100	1383542400000	49	0.0	0.0	0.0	0.0	0.040774254828337166	11	4	5	0	0
100	1383543000000	0	0.040774254828337166	0.0	0.0	0.040774254828337166	0.0	11	4	5	0	0
100	1383543000000	39	0.1614078672144711	0.040774254828337166	0.12232276448501148	0.36190083715840177	10.00245491545585	11	4	5	0	1
100	1383543600000	39	0.16309701931334866	0.040774254828337166	0.16309701931334866	0.16309701931334866	10.625055291332393	11	4	5	0	1
100	1383544200000	33	0.0	0.0	0.0	0.0	0.040774254828337166	11	4	5	0	0
100	1383544200000	39	0.1614078672144711	0.20049296994393068	0.08154850965667433	0.1614078672144711	12.827937167758535	11	4	5	0	1
100	1383544800000	0	0.040774254828337166	0.0	0.0	0.0	0.0	11	4	6	0	0
100	1383544800000	39	0.20218212204280825	0.0	0.282041479600605	0.6048572140295472	14.413300254222325	11	4	6	0	1
100	1383545400000	33	0.0	0.0	0.0	0.0	0.040774254828337166	11	4	6	0	0
100	1383545400000	39	0.28035232750172745	0.20049296994393068	0.4077425482833716	1.0058431539174086	18.603148193403058	11	4	6	0	2
100	1383545400000	46	0.0	0.0	0.0	0.0	0.040774254828337166	11	4	6	0	0
100	1383545400000	49	0.0	0.0	0.0	0.0	0.07985935755779676	11	4	6	0	0
100	1383546000000	0	0.040774254828337166	0.0	0.0	0.07985935755779676	0.0	11	4	6	0	0
100	1383546000000	39	0.3635899892572793	0.24126722477226786	0.7271799785145586	0.4493684439699296	23.10591155887475	11	4	6	0	2
100	1383546000000	40	0.12232276448501148	0.0	0.0	0.0	0.0	11	4	6	0	0
100	1383546000000	41	0.0	0.0	0.0	0.0	0.07985935755779676	11	4	6	0	0
100	1383546000000	49	0.0	0.040774254828337166	0.0	0.0	0.0	11	4	6	0	0
100	1383546600000	0	0.3253565273860405	0.0	0.0	0.0	0.0	11	4	6	0	1
100	1383546600000	39	0.4876019058411684	0.6864057236862215	0.8486652317589134	0.4493684439699296	45.038519301587954	11	4	6	0	2
100	1383547200000	0	0.15971871511559352	0.0	0.0	0.0	0.0	11	4	6	0	0
100	1383547200000	39	0.4069050370427149	0.6099246703261798	0.5657721113000875	0.4909943396564876	18.20047310141632	11	4	6	0	2
100	1383547200000	40	0.08154850965667433	0.0	0.0	0.0	0.0	11	4	6	0	0
100	1383547200000	46	0.0	0.0	0.0	0.0	0.08154850965667433	11	4	6	0	0
100	1383547200000	48	0.08154850965667433	0.0	0.040774254828337166	0.0	0.0	11	4	6	0	0
100	1383547800000	0	0.1614078672144711	0.0	0.0	0.0	0.0	11	4	6	0	0
100	1383547800000	33	0.0	0.0	0.0	0.0	0.040774254828337166	11	4	6	0	0
100	1383547800000	39	0.8902769978279073	0.9293621005573668	0.7662650812440182	0.7271799785145586	18.97687309525361	11	4	6	0	2
100	1383547800000	40	0.0	0.0	0.040774254828337166	0.0	0.0	11	4	6	0	0
100	1383547800000	41	0.0	0.0	0.0	0.0	0.07985935755779676	11	4	6	0	0
100	1383547800000	46	0.0	0.0	0.0	0.0	0.040774254828337166	11	4	6	0	0
100	1383548400000	0	0.7628867770462631	0.0	0.0	0.0	0.0	11	4	7	0	1
100	1383548400000	39	0.6150062562403766	0.4842236016434133	0.8537326880555458	1.1723326070460762	18.95998157426483	11	4	7	0	2
100	1383548400000	40	0.0	0.0	0.0	0.0	0.040774254828337166	11	4	7	0	0
100	1383549000000	0	0.5725428493131619	0.0	0.0	0.0	0.0	11	4	7	0	1
100	1383549000000	1	0.08154850965667433	0.0	0.0	0.0	0.0	11	4	7	0	0
100	1383549000000	39	0.4884535466993892	0.4043642440856165	0.7288691306134363	0.9276729484584894	20.112030226506807	11	4	7	0	2
100	1383549000000	44	0.0	0.0	0.0	0.0	0.040774254828337166	11	4	7	0	0
100	1383549000000	48	0.0	0.0	0.08154850965667433	0.0	0.0	11	4	7	0	0
100	1383549000000	49	0.0	0.0	0.0	0.040774254828337166	0.0	11	4	7	0	0
100	1383549000000	7	0.0	0.08154850965667433	0.0	0.0	0.0	11	4	7	0	0
100	1383549600000	0	0.49353513261358595	0.040774254828337166	0.0	0.0	0.0	11	4	7	0	1
100	1383549600000	1	0.040774254828337166	0.0	0.0	0.0	0.0	11	4	7	0	0
100	1383549600000	39	0.4535983890259056	0.4434493468150761	1.0499957129435007	0.5249978564717503	22.59444104881159	11	4	7	0	2
100	1383549600000	44	0.0	0.0	0.0	0.0	0.040774254828337166	11	4	7	0	0
100	1383549600000	48	0.040774254828337166	0.0	0.0	0.0	0.0	11	4	7	0	0
100	1383550200000	0	0.3431138188506012	0.0	0.0	0.0	0.0	11	4	7	0	1
100	1383550200000	39	0.8062018248316987	0.5249978564717503	0.7297207714716569	1.422045592312732	18.40519601641623	11	4	7	0	2
100	1383550200000	40	0.08154850965667433	0.0	0.0	0.0	0.0	11	4	7	0	0
100	1383550200000	48	0.040774254828337166	0.0	0.0	0.0	0.0	11	4	7	0	0
100	1383550200000	49	0.040774254828337166	0.0	0.0	0.0	0.0	11	4	7	0	0
100	1383550800000	0	0.3245048865278197	0.0	0.0	0.0	0.0	11	4	7	0	1
100	1383550800000	32	0.0	0.0	0.0	0.040774254828337166	0.0	11	4	7	0	0
100	1383550800000	359	0.040774254828337166	0.0	0.0	0.0	0.0	11	4	7	0	0
100	1383550800000	39	0.8605034260686204	0.576772794369138	1.053374017141256	1.007532306016286	24.486331255500932	11	4	7	0	2
100	1383550800000	40	0.07985935755779676	0.0	0.0	0.0	0.0	11	4	7	0	0
100	1383550800000	41	0.0	0.0	0.0	0.0	0.12063361238613393	11	4	7	0	0
100	1383550800000	48	0.040774254828337166	0.040774254828337166	0.0	0.0	0.0	11	4	7	0	0
100	1383550800000	92	0.0	0.0	0.0	0.040774254828337166	0.0	11	4	7	0	0
100	1383550800000	974	0.0	0.0	0.0	0.040774254828337166	0.0	11	4	7	0	0
100	1383551400000	0	0.7221125222179259	0.0	0.0	0.0	0.0	11	4	7	0	1
100	1383551400000	33	0.0	0.0	0.0	0.0	0.07985935755779676	11	4	7	0	0
100	1383551400000	34	0.0	0.0	0.0	0.040774254828337166	0.0	11	4	7	0	0
100	1383551400000	39	0.7390181728242657	0.8087284881712329	1.6073220637492005	1.2139443731150703	21.489909130175892	11	4	7	0	2
100	1383551400000	48	0.0	0.0	0.0	0.0	0.040774254828337166	11	4	7	0	0
100	1383552000000	0	0.9209163400629791	0.0	0.0	0.0	0.0	11	4	8	0	1
100	1383552000000	39	0.9293621005573668	0.7730216896395284	1.2097144280590943	1.6523262636335136	20.56984443097113	11	4	8	0	2
100	1383552000000	40	0.0	0.07985935755779676	0.0	0.0	0.0	11	4	8	0	0
100	1383552000000	48	0.0	0.0	0.0	0.0	0.08154850965667433	11	4	8	0	0
100	1383552000000	49	0.0	0.0	0.0	0.0	0.040774254828337166	11	4	8	0	0
100	1383552600000	0	0.3703607272703537	0.040774254828337166	0.0	0.0	0.0	11	4	8	0	1
100	1383552600000	31	0.08154850965667433	0.0	0.0	0.0	0.0	11	4	8	0	0
100	1383552600000	39	1.2147960139732912	0.5283761606695055	1.0193705003259927	1.4619823359004125	18.621757125725843	11	4	8	0	2
100	1383552600000	40	0.12232276448501148	0.0	0.0	0.0	0.0	11	4	8	0	0
100	1383552600000	41	0.0	0.0	0.0	0.0	0.1614078672144711	11	4	8	0	0
100	1383552600000	48	0.08154850965667433	0.0	0.0	0.0	0.0	11	4	8	0	0
100	1383552600000	98	0.0	0.0	0.0	0.07985935755779676	0.0	11	4	8	0	0
100	1383553200000	0	0.6166954083392542	0.040774254828337166	0.0	0.0	0.0	11	4	8	0	1
100	1383553200000	33	0.0	0.0	0.0	0.0	0.040774254828337166	11	4	8	0	0
100	1383553200000	34	0.0	0.0	0.0	0.0	0.040774254828337166	11	4	8	0	0
100	1383553200000	39	0.9938268736226824	0.4434493468150761	1.6123895200458331	1.6199977692995642	20.405895770799557	11	4	8	0	2
100	1383553200000	40	0.07985935755779676	0.0	0.0	0.0	0.0	11	4	8	0	0
100	1383553200000	420	0.040774254828337166	0.040774254828337166	0.0	0.0	0.0	11	4	8	0	0
100	1383553200000	43	0.0	0.0	0.0	0.0	0.07985935755779676	11	4	8	0	0
100	1383553200000	48	0.16309701931334866	0.0	0.0	0.0	0.0	11	4	8	0	0
100	1383553200000	81	0.0	0.0	0.0	0.0	0.12063361238613393	11	4	8	0	0
100	1383553800000	0	0.3211265823300646	0.0	0.0	0.0	0.0	11	4	8	0	1
100	1383553800000	1	0.0	0.0	0.0	0.0	0.12063361238613393	11	4	8	0	0
100	1383553800000	33	0.0	0.0	0.0	0.0	0.08154850965667433	11	4	8	0	0
100	1383553800000	375	0.0	0.0	0.0	0.040774254828337166	0.0	11	4	8	0	0
100	1383553800000	39	0.9319028935144652	0.8410569825051822	1.3761897515701982	1.6174569763424658	20.325815938404048	11	4	8	0	2
100	1383553800000	40	0.0	0.07985935755779676	0.0	0.0	0.0	11	4	8	0	0
100	1383553800000	48	0.12232276448501148	0.040774254828337166	0.0	0.0	0.0	11	4	8	0	0
100	1383554400000	0	0.3821989215800608	0.0	0.0	0.0	0.0	11	4	8	0	1
100	1383554400000	1	0.0	0.0	0.0	0.0	0.12063361238613393	11	4	8	0	0
100	1383554400000	212	0.0	0.0	0.0	0.040774254828337166	0.0	11	4	8	0	0
100	1383554400000	243	0.0	0.0	0.040774254828337166	0.0	0.0	11	4	8	0	0
100	1383554400000	34	0.0	0.0	0.0	0.0	0.040774254828337166	11	4	8	0	0
100	1383554400000	39	0.8053501839734778	0.8835203894323971	1.248799530788554	1.3039527728836964	23.91295089494711	11	4	8	0	2
100	1383554400000	44	0.0	0.07985935755779676	0.0	0.0	0.0	11	4	8	0	0
100	1383555000000	0	0.24972711488421975	0.0	0.0	0.0	0.0	11	4	8	0	0
100	1383555000000	372	0.0	0.0	0.0	0.0	0.08154850965667433	11	4	8	0	0
100	1383555000000	39	1.339659571415401	0.4043642440856165	1.2114035801579717	1.336267137600082	28.957603637879323	11	4	8	0	2
100	1383555000000	40	0.07985935755779676	0.0	0.0	0.0	0.0	11	4	8	0	0
100	1383555000000	46	0.0	0.0	0.0	0.0	0.040774254828337166	11	4	8	0	0
100	1383555600000	0	0.2862714246565809	0.0	0.0	0.0	0.0	11	4	9	0	0
100	1383555600000	380	0.040774254828337166	0.0	0.0	0.0	0.0	11	4	9	0	0
100	1383555600000	39	0.6889465166433199	0.3661307822143777	1.0924591198707154	1.7754865393591817	18.876758042126845	11	4	9	0	2
100	1383556200000	0	0.4119724933393476	0.0	0.0	0.0	0.0	11	4	9	0	1
100	1383556200000	31	0.0	0.0	0.0	0.0	0.12063361238613393	11	4	9	0	0
100	1383556200000	32	0.0	0.0	0.0	0.0	0.040774254828337166	11	4	9	0	0
100	1383556200000	33	0.0	0.0	0.0	0.0	0.040774254828337166	11	4	9	0	0
100	1383556200000	34	0.0	0.0	0.0	0.0	0.040774254828337166	11	4	9	0	0
100	1383556200000	36	0.0	0.0	0.0	0.0	0.004229945055975968	11	4	9	0	0
100	1383556200000	370	0.040774254828337166	0.08154850965667433	0.0	0.0	0.0	11	4	9	0	0
100	1383556200000	39	1.1807783675404642	0.4043642440856165	1.5359084666857916	1.3795821853855172	18.475757972621416	11	4	9	0	2
100	1383556200000	44	0.0	0.0	0.0	0.0	0.040774254828337166	11	4	9	0	0
100	1383556200000	49	0.0	0.0	0.0	0.0	0.040774254828337166	11	4	9	0	0
100	1383556800000	0	0.4552875411247832	0.040774254828337166	0.0	0.0	0.0	11	4	9	0	1
100	1383556800000	31	0.0	0.0	0.040774254828337166	0.0	0.0	11	4	9	0	0
100	1383556800000	33	0.040774254828337166	0.0	0.0	0.0	0.040774254828337166	11	4	9	0	0
100	1383556800000	39	1.0745237424211358	0.5249978564717503	1.5826018186689819	1.4161264951578785	22.948499032260987	11	4	9	0	2
100	1383556800000	49	0.0	0.0	0.0	0.0	0.040774254828337166	11	4	9	0	0
100	1383557400000	0	0.4094458299998133	0.0	0.0	0.0	0.0	11	4	9	0	1
100	1383557400000	32	0.08154850965667433	0.0	0.0	0.0	0.040774254828337166	11	4	9	0	0
100	1383557400000	33	0.0	0.040774254828337166	0.0	0.0	0.0	11	4	9	0	0
100	1383557400000	39	1.260637725098261	1.6480963185775377	2.0184429162303275	1.7397797408274775	21.25456100255848	11	4	9	0	2
100	1383557400000	43	0.15971871511559352	0.0	0.0	0.0	0.0	11	4	9	0	0
100	1383557400000	49	0.0	0.0	0.0	0.0	0.07985935755779676	11	4	9	0	0
100	1383558000000	0	0.3245048865278197	0.0	0.0	0.0	0.0	11	4	9	0	1
100	1383558000000	32	0.0	0.0	0.040774254828337166	0.0	0.040774254828337166	11	4	9	0	0
100	1383558000000	33	0.040774254828337166	0.0	0.0	0.0	0.040774254828337166	11	4	9	0	0
100	1383558000000	39	1.0958515536860347	0.7322474348111913	1.6573937199301465	1.4135857022007798	36.71110036132879	11	4	9	0	2
100	1383558000000	41	0.0	0.040774254828337166	0.0	0.040774254828337166	0.0	11	4	9	0	0
100	1383558000000	43	0.0	0.0	0.0	0.0	0.040774254828337166	11	4	9	0	0
100	1383558000000	46	0.0	0.0	0.0	0.0	0.08154850965667433	11	4	9	0	0
100	1383558600000	0	0.4085941891415925	0.0	0.0	0.0	0.0	11	4	9	0	1
100	1383558600000	33	0.0	0.0	0.0	0.0	0.040774254828337166	11	4	9	0	0
100	1383558600000	386	0.0	0.0	0.0	0.0	0.040774254828337166	11	4	9	0	0
100	1383558600000	39	1.3413487235142785	0.56408295920121	1.6216869213984417	1.824720684299471	22.82704203825176	11	4	9	0	2
100	1383559200000	0	0.5334577465837023	0.0	0.0	0.040774254828337166	0.0	11	4	10	0	1
100	1383559200000	32	0.0	0.0	0.0	0.0	0.040774254828337166	11	4	10	0	0
100	1383559200000	39	1.5392867708835467	1.371122295273565	1.6107003679469556	1.4543599570291172	21.83637299398912	11	4	10	0	2
100	1383559800000	0	0.3711982385110104	0.0	0.0	0.0	0.0	11	4	10	0	1
100	1383559800000	225	0.07985935755779676	0.0	0.0	0.0	0.0	11	4	10	0	0
100	1383559800000	33	0.0	0.0	0.0	0.040774254828337166	0.004229945055975968	11	4	10	0	0
100	1383559800000	39	1.1799408562998075	0.6065463661284247	2.3412586506592694	1.5367601075440125	19.058421604910286	11	4	10	0	2
100	1383559800000	48	0.0	0.0	0.0	0.0	0.040774254828337166	11	4	10	0	0
100	1383559800000	86	0.040774254828337166	0.0	0.0	0.0	0.0	11	4	10	0	0
100	1383560400000	0	0.16986775732642306	0.0	0.0	0.0	0.0	11	4	10	0	0
100	1383560400000	33	0.0	0.0	0.0	0.07985935755779676	0.08154850965667433	11	4	10	0	0
100	1383560400000	39	0.5776103056097946	0.4043642440856165	1.2530294758445295	1.6607720241279016	24.429502990924476	11	4	10	0	2
100	1383560400000	40	0.040774254828337166	0.0	0.0	0.0	0.0	11	4	10	0	0
100	1383560400000	49	0.0	0.0	0.0	0.0	0.07985935755779676	11	4	10	0	0
100	1383561000000	0	0.3762798244252072	0.0	0.0	0.0	0.0	11	4	10	0	1
100	1383561000000	32	0.0	0.0	0.0	0.0	0.040774254828337166	11	4	10	0	0
100	1383561000000	39	1.0134514031711397	0.8478135909006925	1.2988711869694998	1.295492882771745	29.36872449036045	11	4	10	0	2
100	1383561000000	40	0.0	0.0	0.0	0.0	0.040774254828337166	11	4	10	0	0
100	1383561000000	49	0.0	0.0	0.040774254828337166	0.0	0.040774254828337166	11	4	10	0	0
100	1383561000000	971	0.0	0.0	0.0	0.0	0.07985935755779676	11	4	10	0	0
100	1383561600000	0	0.3287348315837957	0.0	0.0	0.0	0.0	11	4	10	0	1
100	1383561600000	33	0.0	0.0	0.0	0.0	0.040774254828337166	11	4	10	0	0
100	1383561600000	39	0.7933339036787517	0.8444352867029374	1.3031011320254755	1.2114035801579717	20.786377281045613	11	4	10	0	2
100	1383561600000	49	0.0	0.0	0.0	0.0	0.07985935755779676	11	4	10	0	0
100	1383562200000	0	0.3211265823300646	0.0	0.0	0.0	0.0	11	4	10	0	1
100	1383562200000	39	1.1009190099826671	0.24126722477226786	1.2555561391840642	2.0634471161146406	19.0235664472368	11	4	10	0	2
100	1383562800000	0	0.6456314688578844	0.0	0.0	0.0	0.0	11	4	11	0	1
100	1383562800000	371	0.0	0.0	0.0	0.0	0.040774254828337166	11	4	11	0	0
100	1383562800000	39	1.0882433044323037	0.6864057236862215	1.3778789036690755	1.1748592703856109	22.068356947026338	11	4	11	0	2
100	1383562800000	46	0.0	0.0	0.0	0.0	0.040774254828337166	11	4	11	0	0
100	1383563400000	0	1.090769967771838	0.08154850965667433	0.0	0.0	0.0	11	4	11	0	1
100	1383563400000	39	1.5376117484022331	0.6439423167590067	1.4152748542996576	1.6157678242435884	30.331266726109988	11	4	11	0	2
100	1383563400000	41	0.0	0.0	0.0	0.0	0.040774254828337166	11	4	11	0	0
100	1383563400000	420	0.07985935755779676	0.07985935755779676	0.0	0.0	0.0	11	4	11	0	0
100	1383563400000	49	0.0	0.0	0.0	0.0	0.040774254828337166	11	4	11	0	0
100	1383564000000	0	0.36190083715840177	0.08154850965667433	0.0	0.0	0.0	11	4	11	0	1
100	1383564000000	32	0.0	0.040774254828337166	0.0	0.0	0.0	11	4	11	0	0
100	1383564000000	39	0.8478135909006925	0.4077425482833716	0.9735146595834592	1.0516848650423782	20.375256428564487	11	4	11	0	2
100	1383564000000	420	0.0	0.07985935755779676	0.0	0.0	0.0	11	4	11	0	0
100	1383564000000	44	0.040774254828337166	0.07985935755779676	0.0	0.0	0.040774254828337166	11	4	11	0	0
100	1383564000000	48	0.040774254828337166	0.0	0.0	0.0	0.0	11	4	11	0	0
100	1383564000000	49	0.0	0.0	0.0	0.0	0.040774254828337166	11	4	11	0	0
100	1383564600000	0	0.4451384989139536	0.0	0.0	0.040774254828337166	0.0	11	4	11	0	1
100	1383564600000	33	0.0	0.0	0.0	0.0	0.040774254828337166	11	4	11	0	0
